271.4 711
271.9 722
269 717.25
270.3 727.5
271.8 738
274.1 716.25
273.9 718
278.4 716.5
275.6 708
273.6 714.85
273.1 717
271.6 727.8
270.3 734.15
270.6 744
269.3 740.85
270.1 736.9
272.4 736.75
270.5 739.35
276.4 741
272.4 738
271.5 738.65
271.1 738.5
270.3 740
270.1 760.7
270.1 761.35
266.2 753.9
264.9 755
264.4 756
264.3 752
264.4 794
264.5 777.5
264.3 780.75
265 781
265.8 784.55
264.3 777
264.9 785
265.1 785
265.8 785
265.7 783.1
266.3 785
265.7 785
266.3 790.65
270.1 793.5
269.8 804.5
266.4 808.85
270.1 819
268.7 838.1
270.7 878.5
269.7 947.2
273.7 953
275.2 964
271.7 953
272 954.45
268.4 968.5
263.3 1028.35
263.2 999.3
264.2 1030
264.3 1062.5
266.4 1075.2
266.1 1060
264.3 1047.6
264.5 1075
262.8 1079
262.8 1054
265.5 1058.75
265.6 1054.8
268.5 1053.6
267.1 1055.15
265.2 1082.8
263.3 1076.5
262.8 1072
260.1 1041.9
259.9 1010
260.7 965.1
259.4 975.15
255.1 985
258.2 979
256.1 973
258.2 925
258.5 893
265.8 855.95
267.4 850
266.8 837
265.2 797.55
262.1 764
261.4 796.65
270.8 812.35
271.6 782.2
260 801
258.1 810.5
259.8 808
260.5 797
261.9 785
261.1 777
261.5 780
261.9 774
261 771
259.7 758.7
258.8 738
255.6 725
258.4 696.65
258.1 685
260 692.55
258.3 687.3
257.3 678
258.7 668
260.1 657.85
263.3 664
261.1 764
261.3 737
265.3 704
264.8 705.55
263.7 720
264.1 710
262.4 707.75
264.4 701.2
263.9 688.3
264 688
264.4 678
265.4 674
266.3 672
266.1 680
266.1 671.25
270 674
269.1 660.6
268.3 627
268.1 643
272 642.9
273.6 654.75
287.4 652
285.4 656.5
285.1 650.5
283.6 643.5
279.1 655
277.9 660
273.8 660.5
265.7 647.5
265.3 639.55
266.4 635
264.9 635
265.7 629.2
265.7 620
266 614.25
273.4 615.8
271.5 601.75
272 597.65
275.3 601
271.2 606
272.4 609.35
273.4 614
272.4 626
272.6 619.35
272.3 618
273.7 614
276.2 612
272.1 608
269.3 595
270.6 599.95
269.4 602
267.6 587
265.1 584
265.9 577
266.5 576.35
266.2 564
268.3 565
266.6 565.35
267.1 555
266.9 545.1
268.1 525
270.4 520.8
269.4 512
269.9 479.3
268.8 475.5
269.7 472.75
267.7 469
266.2 465
267.4 454.75
264.6 437.05
266.2 461.5
267.4 470
267.4 482.5
267.9 486.95
267.1 470.4
267.2 445.25
267.9 444
273.4 454
273.9 475
276.3 450.2
275.7 440
275.2 443
279.3 450
276.1 445
275 447
274.9 450
275.3 443.5
272.5 449.5
272.6 447.25
272.3 472.5
273.7 472.65
275.4 468.65
271.6 456
272 463.15
273 455.5
271.6 456
288.1 470
291.5 465
289 451
291.9 442
290.5 421
293.3 394.4
291.7 380
292.4 357
292.2 325.05
289.9 335
290.5 343
290.5 341
291.4 347.5
292.4 346.15
288.9 342
285.7 345
281.8 352
284.9 355.8
282.1 360
283.4 333
279.2 327.6
280.1 321
275.5 318.65
276.1 325
275.9 318.5
277.9 343
279.1 347
280.6 330
279.5 316.4
279.7 317
279.8 335
278.5 327.65
279.7 325.25
281 325
276.8 326
277.4 325.5
278.3 335.5
277.8 315
277.8 319
275.1 325.95
274.7 342
272.7 339
273 330.1
272.9 335
272.3 333
273.2 335.75
274.1 336.5
273.5 334.3
273.9 350.4
276.9 361.25
275.4 366.25
273.7 370.7
273.9 417.25
272.2 428.5
272.2 398.3
278 399.75
277.7 407.5
280.4 403.5
275.5 398
276 395.5
278 410.3
277.4 436
276.5 449.5
278.7 448
278.9 439
278.2 435.2
278.9 425.5
278.6 424
278.9 431
283.4 435
287.1 436.5
287.4 433.35
285.4 429.9
284.4 414
287.3 425
284.4 420.5
283.1 414.85
281.5 398
278.6 383.5
278.1 382
278.8 388.15
278.3 377
296.6 392.2
302.2 388.5
302.6 388.9
303.2 390.65
305.9 390
302.6 370.25
301.1 361
300.1 362
300.5 363
298.8 364
301.7 365.5
302.2 374
302.1 370
300 369
298.8 369.65
302.1 369
304.5 377.8
302.3 374.25
303 370.55
304 371
304.3 371
308.1 367
311.6 366.8
311.2 362.8
308.9 355.5
309.1 351.1
308.3 348
312.2 351.05
311.2 355
311.6 358
308.2 359
309.5 352.5
311 354
310.6 349.1
307.3 353
308.7 368
309.8 370
310.6 374.5
315.7 382.8
315.8 370.15
318 361
322.5 354
320.4 351
323.9 355.8
325.4 353.5
325.5 352.25
326.5 347.4
326.7 351.25
327.8 354.3
321.2 349.5
324.9 353
324.6 351.4
318.7 348.5
319.7 343.5
320.3 333.75
317.7 332
319.1 334.25
317.4 334
319.2 334.5
319.8 334
323.2 332.65
324.6 328
324.3 323.5
320.2 321.65
320.5 322
319.2 317
313.5 319.2
314 320
312.8 319
310.9 319
312.1 323
316.1 325.15
314.7 327
317.2 327
315.6 320
319.6 318.5
317.2 322.5
317.4 322
317 323.5
323.9 324
323.6 316.5
312.7 319
311.5 322
309.8 331.6
303.4 334.45
302.5 332.5
303.7 319.3
303.2 319.45
304 316.65
307 317.3
307.8 321.8
305.5 321
314.3 320
310.4 323.5
314.2 321.1
314.1 323.5
314.2 324.5
311.8 325.5
314.3 323.35
313.7 319.1
306 322
308.7 322
307.6 319
306.6 320.5
306.7 322
309.4 334.35
312.3 362.35
309.4 344.75
312.9 341.1
312.4 327.8
313.4 323.95
314.9 322.5
318.2 325
319.9 332.4
321.3 333.7
317.9 331
316.6 332
318.9 333.5
316.6 339.5
317.1 335.5
317 336.5
320.6 336.5
322.6 333.5
321.9 331
323 330
325.9 329.55
322.2 325.1
320.3 319.4
319.7 315.1
323.9 319
320.9 318.5
321.5 326.25
321.1 318
322.1 316
321.9 315.5
318.2 316.6
319.6 323
316.5 320
316.3 321.4
317.8 318.5
312.6 321.5
314 319.5
311.6 321.5
312.7 319
310.9 321.35
313 322
312 316
310.7 310.5
313.4 311.4
315.2 314
317.7 316
316.5 312.5
318 310.5
318.8 309.75
318.3 312.45
318.2 315
317.5 313
320.5 308.75
321.3 303.25
321.2 289.55
324.5 286
318.7 286
317.9 292.8
320.7 292.1
319.2 283
318.6 278.3
317.4 279.15
317.4 279.8
320.7 272
317.8 263.75
317.7 266
316.8 266
317.6 262.05
320.2 262
322.2 253
324.8 246.45
326.3 249.5
325.8 247.5
323.5 247.15
324.8 244
331.4 242.5
333.2 238.65
337 239.25
337.4 242.75
342.1 247.55
345.9 239.6
340.5 229.7
345.1 230
346.8 235
348.9 234
349.2 238.75
343.4 238.5
347.6 238
346.1 239.8
351.2 241.55
351.7 244.95
347.3 241.5
353.9 259
353.3 263.65
354.5 269.3
354.7 255.55
352 250
350.7 245.4
357.7 250.5
356.6 258
357.3 264
359.7 271.75
364.5 269
368.2 269
369.4 266.35
370 267.35
366.3 268.95
368.6 258.15
368.3 259
370.8 267.65
379 268
376.4 264.5
370.1 252.65
369.9 250.5
363.7 251.05
362.5 252
352.6 253.55
357.4 255
351.9 254
344.2 251
349.9 255
353.1 254
351.8 250.5
356.3 250.65
352.3 251.5
354 252.05
346.1 244
350.2 243.7
349.2 237.65
353.2 238.9
353.1 238
350.8 237.55
354.7 241.15
350.5 242.6
346.5 235.9
335.9 233.5
336.5 233.6
337.1 232.2
337.6 235.2
336.1 232.6
332.9 229.3
326 230
329.5 216.35
328.4 204.7
330.3 194.8
328.7 197.65
328.7 188
335.9 182.45
334.3 181.35
329.6 179
324.9 175.5
325.3 178.5
321.5 173.05
322.2 175.5
325.6 174.15
326.7 175.5
327.9 172
324.2 168
324.9 164
325.8 148.5
327.2 152.75
333.5 157.45
334.4 163.25
331.5 157.05
334.8 157
333.4 150.5
334.5 150
333.7 152.35
339.1 156
342.1 152.9
341 154
342.3 154.9
342.5 159.8
341.9 162.75
348.4 162.2
348.6 155.5
351.6 158.5
350 158.5
352.3 158.5
352.6 159.15
354.7 159.85
364.2 165.7
366.3 171.9
372 179
368.1 173
368.8 183
367.8 197.75
365.2 185.15
369.6 182.15
364.5 185
366 187
365.2 192.5
362.6 190.6
368.6 187.5
363.7 179.5
361.8 173.65
352.2 180
355.5 175.5
353.3 183.9
356.6 188
359 186.5
363.2 178
357.2 180.25
361.3 178
356.3 180
353 180.3
346.3 177.2
349.3 182.15
343.9 178.45
345.2 176.5
346 181.35
351.4 188.75
351.3 187.2
351 188
348.1 183
344.1 179.25
343.6 173.15
344.3 176
344.8 175.75
347.7 176.5
342.1 174.75
343.1 172
344.2 169.05
347.2 168.25
350.9 167.95
350.6 165.95
358.6 167.5
362.2 169
362.7 167.5
364.8 173.5
361.7 178.35
356.2 177
354 182
346.1 185.25
349.2 183.85
349.6 178.5
350.8 177.75
352.5 180
356.3 178.8
361.7 182.4
358.5 177
362.1 173.5
366 180.15
363.2 183
358.4 181
361.6 181
365.6 187.35
360.6 187
363.1 195.15
361.3 199.3
365.8 206.5
373.5 205.5
370.5 202.5
375.7 201.8
373.2 199.75
373.9 200.8
372.9 206.55
377.6 220.4
375.1 230.95
381.7 230.9
380 219.65
379.7 217.5
375.8 213.6
374.5 205.55
373.5 221.2
376.2 215.75
376.6 215
381.8 221.25
387.2 218.5
385.9 216.5
387.5 221
385 216.85
380.8 211.55
382.4 208.6
385.4 215.15
384.3 213.8
383.1 212.1
369.4 210.2
372.7 210.75
377.2 205.55
375.4 215
369.2 211.75
373.6 210.5
375.2 209.5
375.7 206.05
372.6 191.65
372.7 193
371.8 196
374 197.2
381.7 198.85
386.5 201.65
384.7 202.45
388.9 198.05
387.9 199.05
383.2 199.7
410.4 200.1
409.2 198.75
410.6 202.25
411 206.15
412.3 206.3
414.8 204.2
416.9 201.45
415.7 197.5
424.4 204.8
422.8 204.65
421.9 204.75
424 204
426.4 208.55
426.3 219.4
423.7 223.2
421.7 221.2
408.4 215.65
406.7 219.65
412.7 224.75
411.1 240.15
410 254.35
407.9 242.65
406.6 240
410 244
414.5 248.4
398.5 228.05
402.2 231.55
398.7 226.8
399.2 237.2
401 241.15
398.1 241
403.6 241.55
406.8 242.6
406.4 241.5
410.2 241.35
413.7 248.35
410.3 244.2
416 246
412.3 248.3
409.8 243.25
397.5 233
399 229.1
404.5 234.4
395.8 225
395.8 226.15
396.4 229.15
399.3 239.15
393.5 237.85
392.4 237.45
392.9 241
401.3 249.85
400.6 264.25
404.2 258.75
400 270.6
400.7 275.95
395.3 276.55
399.4 277.75
402.4 279.6
406.9 273.3
411.1 279.95
412.5 276
417.4 288.9
419.8 289.05
417.2 286.5
416.7 287.4
422.1 289.7
417.1 288.9
421.7 289.1
427.3 289.95
427.8 301.2
421.6 305.95
415.4 309.95
418.9 315.65
422.8 322.5
419.9 330.45
420.1 337.2
407 326.8
399.8 317.3
397.7 311.85
401 313.75
400.6 326.3
397.7 317
390.8 296
393.3 273.8
395.1 280.85
396 273.15
398.6 277.95
405.4 228.35
404.2 226
406.6 229.55
405.6 227
401.9 231.85
397.1 226.15
395.2 225.75
390.5 222.75
390.3 220
387 219.4
389 213.75
387 216.25
391 217.2
391.7 218.9
394 217.5
392.2 218.45
392.3 213.4
399.8 214
400.7 215.75
400 218
395.5 213.4
394.3 211.75
398.9 212
402.9 217
404.4 218.65
404.3 218.75
407.1 223.3
413.2 225.5
410.5 220.4
403 216.4
407.9 215.5
407.4 213.65
403.3 213
407.8 210.65
410.4 214.3
408.8 213.1
406 212
400.5 210.4
397.4 205.7
399.4 206.75
398.5 205.05
401.9 206.35
404.1 209.05
405.7 210.8
405 210
404.7 210.1
405.8 207.7
405.3 207.1
408.3 209.4
407.2 208.7
410.9 215.65
408.1 222.75
409.1 225.85
412.5 220.6
413 219.9
418.7 224.75
419.5 222.8
414 217.1
418.2 224.95
418.4 227.5
418 233.45
423.1 234.45
422 231
415.1 223.2
413.2 217.45
418.1 219.5
418.7 218.35
416.2 213.3
420.3 216.65
423.5 215.65
424.4 216.9
424.6 215.95
429 218.95
426.8 215.1
424.8 214.5
425.1 214.75
428.5 212.2
427.3 210.75
420 210.5
424.6 210.5
430.1 214.75
433.6 217.7
432.7 217.5
435.7 215.45
434 215.05
434.9 216.15
437.9 221.15
437 219.5
440.2 222
444.8 223
442.6 219.8
446.8 220.3
448.8 218.5
447.8 217.2
449.3 214
453.7 211.35
451.3 210.6
454 209.45
450.4 207.05
456 204.55
454.2 209.85
452 208.45
437.2 202.5
435.8 194.85
433.9 193.35
438.9 191.85
435.9 184.6
440.8 188
436.9 184
441.6 178.5
442.4 183.2
441.8 183.85
440.3 185.9
441.9 186.95
445.2 188.5
444.3 189
436 185.65
437.5 185.25
428.7 179
428.5 180.15
426.6 183.3
421 183.75
418.9 184
419.1 191.6
421.9 195.8
426.1 192.2
424.5 189
422.7 184.15
423.2 185.45
423 189.25
422.4 187.15
426.7 192.1
426.9 192.9
422 192.55
426.9 192
426.3 191.75
425.8 192.15
421.8 190.4
420.8 191.4
421.1 188
416.6 183.5
414 182.05
413.6 180.75
412.6 179.85
412.9 180
417.2 182.25
420.5 184.95
425.8 188.15
425.9 185.35
425.5 183.05
427.3 183
427.1 183
434.5 184.75
434.9 184.35
434.5 183.9
434.9 179.9
436.5 183.05
432.9 185.5
432.8 187.8
429.9 197.85
434.2 208.05
435 207.8
440.3 207.95
442.1 205.7
442.8 202.05
446.2 201.25
441.1 199.85
440.9 201.55
443.7 205.15
438.7 201.25
439.3 201.4
431.1 198.65
431.3 199.15
425.2 192.5
424.7 194.75
425.9 192.7
426 194.05
428.7 203.55
425.9 201.85
423.9 200.1
424.5 200
427.1 201.6
426.5 201
426.9 198.95
428.6 200.95
427.6 197.3
429.3 197
424 198.5
424.9 199.55
427.5 200.4
432.9 202
435.3 206.25
433 199.9
434.3 201.5
434.6 202.5
437.9 202
433 203
435 197.9
429.5 193.65
426.7 191.7
429 194.35
429.8 196.6
426.1 193.8
426.2 195.65
427.2 195.65
427.2 193.55
421.6 191.9
420.2 189.25
418.9 187.3
419.4 190.1
421.5 192
420.5 188.9
417.4 187.85
416.6 188.75
417.5 188.4
418.8 185.25
418 183.35
419.8 184.35
416.3 182.45
415.3 181.8
422.7 182.05
423.7 184.2
426.5 189.65
424.8 188
424.7 187.8
424.2 184.8
427.4 184.5
429.3 185.5
427.5 185
429.1 189.1
436.2 188.55
438.3 189.75
438.4 190.95
438.9 187.55
438.1 188.9
441.7 188.3
440.5 187.3
440.3 186.5
436.4 184.05
435.9 181.95
427.8 179
422.9 179.65
423.5 180.3
423.3 183.7
422.9 185.6
425.5 185.75
426.3 184.85
423.9 182.35
419.6 182.15
420.7 183.75
420.5 186.85
419.7 188.85
421.7 192.75
425.4 197.3
424.7 195.55
425.7 194.8
423.4 190.9
424.7 191.6
427.3 195.6
429.9 194.6
431.9 195.8
431.9 195.5
436.9 196.5
437.9 193.5
437.2 191.6
434.7 190
434.2 188.2
436.5 187.7
445.5 188.5
445.9 185.55
442.2 186.25
446.1 185.05
439.9 185.15
439.5 183.85
437.2 183.1
438.1 182.45
439.4 185.75
437.3 184.5
438.4 182.8
437.4 182.55
437 182.7
431.2 180.65
433.8 181.95
442.3 183.95
444.2 183.4
444.4 182.8
444.9 182.4
446.7 184.15
449 184.2
449.7 183.15
446.1 182.2
449.8 182.95
455.5 185.15
459.5 191.15
466.7 202.7
466.2 200.05
468.9 201.65
466.6 199.2
463.5 197.55
465.9 196.1
462.6 198.1
469.7 199.65
472.1 208.25
463.5 206.5
461 210.55
467 210.55
465 212.3
472.8 220.05
471.2 229.2
473.8 227.45
466.3 238.65
468.2 254.55
503.3 269.1
548.3 275
553.5 274.2
558.3 275.8
557.7 272.6
562.2 280.4
559.7 275
558.7 274.5
555.2 318.4
552.4 314.95
550.9 323.05
550.1 320.3
560 331.15
567 340.15
566.6 339.5
573 334.65
586.7 350.3
581.8 336.8
589.4 346.4
586 342.35
587.9 342.65
595.2 358.05
588.4 353.15
597.6 359.85
595.2 346
597.5 349.95
596.5 349.5
615.4 362.45
620 365
632.6 373.85
619.8 349.9
632.2 359.8
620.6 361.95
631 368.25
638.8 369.15
633.3 364.3
651.8 377.05
657.5 386.25
664.7 386.35
665.9 382.35
674.2 380.25
682.2 378.75
677.8 375.25
699.4 394.9
703.7 390.2
719.8 400
710.3 398.35
683.6 374.75
691.5 377
690.5 383.1
679.6 372.5
656.7 351.8
657 341.75
673 363.35
637 354.75
648.4 352
650.9 355.1
653.9 355.45
642.5 347.25
627.6 337.4
635.5 353.15
643.2 358.9
629.4 345.85
627.4 338.75
609.1 318.25
608.2 321.25
606.8 311.75
562.5 272.7
562.3 288.65
566.5 301.8
578 302.05
568.8 291.3
576.9 300.2
587.5 310.8
582.2 310.2
584.8 306.3
584.8 317.25
581.6 310.9
578.3 309.5
576.3 313
572.4 297.25
578.4 300.25
571.9 298.6
572.3 305.95
576.3 304.9
588.8 312.95
594.7 321.75
589.7 316.8
588.9 329.7
599 334.6
593 327.7
579.7 318.55
584.4 320.5
587.6 320.6
596.8 324
598.2 320.5
669.4 351.1
656.5 381
660.5 381
673.3 381
665 330.7
673 333.5
682.5 335.4
681.7 332.6
695.6 337
700.8 336.55
703.3 332
712.2 334.65
711.9 335.7
709.5 332.85
709.6 330
715.8 331.35
715.8 331.7
722 332.5
732.4 340.6
731.4 339.05
732.1 342
731.6 340.05
728.3 341.9
964.5 585.25
972.1 571.95
981.5 581.2
963.9 565.45
986.2 559.55
975 525.3
972.2 491.8
969.9 480.95
974.2 496.25
978.8 507.55
992.3 513.2
998.2 511.7
1001.4 482.6
1003.2 487.3
944.7 462.1
919.6 444.75
918.3 435.1
934.6 461.85
949 458.4
948.8 452.5
929.3 471.2
926.2 464.75
942.5 472.05
944.8 470
931.9 462.95
927.3 449.5
921.9 442.45
927.3 449
940.9 452
959.5 457.8
972.7 456.35
977.7 443.65
961.8 432.1
970 426.35
957.3 416.6
963.1 415
948 411.5
922.4 392.15
922 387
926.6 383
927.6 391.25
916.4 383.35
835.5 194.6
801.5 171.95
785.1 173.35
787.6 178.9
766.1 181.95
733.3 178.95
713.3 171.5
729.1 172.8
741.7 174.25
739.3 182.6
752.8 195.25
865.4 192.55
841.1 194.05
853.9 191.7
854.3 185.4
820.3 180.65
820.1 178.75
808.2 175.45
806.7 173.4
839.3 179.45
854.6 178.05
849.6 177.9
858.2 178.3
895.3 190.6
908.5 186.5
899.2 184.5
888.1 184.5
915.5 217.3
922.6 218.8
926.1 221.6
907.4 222.8
895.6 224.95
871.5 225.75
882.2 226
884.8 235.7
882.2 231.1
894.7 242.35
890.9 237.95
892.8 238.5
879.3 236.15
867.4 233.55
887 226
882.1 222.15
891.8 233.3
905.9 232.5
913.6 235.7
907.4 228.95
892.8 216.75
993.1 289.35
1008 298.55
999.5 292.3
1003.2 297.55
1016.7 302.65
1038.6 309.65
1043.3 313.4
1055.4 321.95
1047.8 323.1
1056.7 329.15
1064.2 329.15
1063.9 330.15
1049.8 327.5
1050.7 330
1057.3 333.75
1057.8 337
1063.7 340.85
1057.8 339.1
1055.6 339
1042.1 332.6
1034.7 329.9
1029.9 316.75
1174.2 365.7
1181.1 363.55
1199.1 381.55
1212 387.7
1217.4 384.5
1168.8 376.85
1163.4 372.8
1142.8 373.2
1120.4 363.75
1125.7 362.95
1119.4 360.15
1123.3 366.15
1122.4 363.9
1135.5 371.05
1106.8 367.9
1110.8 365.8
1095.4 363.3
1086 352.15
1093.3 355.4
1104.1 387.65
1107.2 386.85
1097 386.85
1091.5 394.5
1095.2 407.25
1117.7 419.8
1118.1 420.35
1135.9 425.6
1133.1 422.95
1138.2 424.15
1150.7 430.95
1128.9 424.8
1136.4 423.95
1142.6 442.8
1130.1 447.5
1139.7 461.7
1112.3 461.8
1102.7 453.7
1089.2 439.85
1095.2 439.75
1097.9 427.3
1084.4 416.5
1112.6 442.1
1102.7 434
1096.5 422.7
1107.8 423.3
1118.3 432.4
1117.8 436.5
1136.9 443.45
1142.7 449.5
1132.6 461.75
1134.8 475.4
1123.6 470.35
1122 468.3
1107.8 463.75
1108 460.15
1101.5 462.25
1105.1 459.65
1122.2 471.4
1124 478
1127.4 477.9
1107.4 467.55
1099.3 459.5
1103.5 463.65
1088.6 453
1092.7 451.75
1104.2 454.7
1110.3 473.2
1104.5 468.55
1113.3 478.15
1125.1 489.55
1132.9 506.2
1135.1 506.7
1152.3 511.35
1152.2 502.5
1161.1 512.6
1161.6 523.15
1152.8 520.8
1159 547.5
1159.7 545.4
1136.3 531.35
1135.2 533.2
1138.6 550.6
1148.2 567.45
1142.3 564.3
1153.1 562.2
1153.5 565.4
1161.7 547.95
1171.3 540.9
1168.4 548
1180.1 554.75
1182.7 547.25
1168.6 514.25
1174.6 507.55
1196.9 513.1
1210 509.2
1200.4 523.5
1219.9 531.2
1242.7 546.45
1228.8 542.3
1227.4 526.9
1227.7 502.6
1214.3 506
1192.6 458.7
1187.8 407.95
1175.7 438.45
1193.8 452.55
1197.8 429.4
1213.3 445.35
1211.9 462.25
1212.2 461.85
1224.8 460.75
1220.6 451.4
1208.3 449.6
1216.2 429.8
1239.3 428.85
1244 441.45
1228.5 454.95
1220.8 448.8
1228.9 448.25
1223.3 460.35
1233.2 475.25
1229.3 474.3
1247.5 480.35
1257.2 490.9
1239.7 494.1
1239.9 489.45
1234.1 473.35
1245.5 469
1255.8 477.2
1238.2 470.05
1242 452
1245.5 444.4
1206.3 429.05
1207.4 426.9
1194.8 440.4
1198.6 442.35
1195.8 444.4
1209.6 456.95
1198.5 454.15
1213.3 468.7
1206.8 465.35
1208.1 466.95
1188 448.15
1181.7 443.45
1191.5 450.6
1191.6 451.7
1195.5 456.45
1187.7 466.3
1183 474.55
1158 466.1
1160.4 468.3
1168.4 491.2
1181.7 500
1183.4 515.85
1185.2 506.45
1193.7 500.15
1197.2 496.05
1203.4 487.6
1200.7 479.65
1196.2 470.6
1197.5 464.7
1214.8 471.05
1214.9 477.25
1224.5 485.75
1226.6 497.3
1229.7 490.4
1233.8 485.65
1227.2 476.2
1226.9 483.7
1231.8 484.25
1239.5 491.55
1235.4 502.5
1236 503.05
1237.1 497.9
1248.3 500.4
1246.3 518.35
1251.5 523.45
1249.2 529.05
1257.3 521.6
1255.6 525.5
1248.9 520.6
1244.5 517.55
1245.1 527.8
1269.7 551.75
1266.7 557.15
1271.9 546.95
1275.6 543.3
1279 539.5
1272.4 527.8
1290.2 539.65
1294.3 554.85
1296 558.5
1296.7 550.7
1306.6 560.3
1308.5 567.3
1307.8 571.25
1316.1 571.25
1315.4 561.3
1338.9 578.2
1346.4 589.65
1333.9 587.1
1344.2 587.6
1353.3 588.75
1345.7 580.65
1369.5 593.65
1376.7 601.55
1371.1 589.2
1371.2 588.1
1335.1 578.45
1343.3 590.65
1324.7 586.3
1324.4 591.1
1338.3 608.8
1338 625.45
1322.2 619.15
1342.1 629.45
1357.1 645.1
1350.2 647.7
1356.4 644.45
1337.1 641.7
1382.7 673.75
1397.3 684.4
1402.8 709.9
1409.8 741.65
1399.1 696
1403.1 703.4
1365.4 672.9
1368.4 680.55
1338.3 645.15
1336.8 654.1
1352.9 694.75
1352.2 702.95
1357.7 683.95
1377.5 690.6
1372.9 694.9
1362.3 676
1366 693
1385 700.95
1387.3 730.75
1388.5 762.3
1405.4 768.85
1415.3 750.15
1408.3 737.2
1382.5 727.2
1392.1 739.75
1384.3 731.35
1397.3 751
1403.6 766.7
1385.5 751.15
1370.4 741.05
1378.6 737.6
1385.5 742.75
1388.2 751.05
1386.8 754.25
1380 758.2
1382.4 767.2
1405.2 787.2
1413.1 793.4
1405.6 786.2
1421.1 803.3
1422.6 800.4
1378.5 769.05
1373.4 775.3
1371.4 762.9
1368.5 755.95
1373.7 748.65
1384 782.75
1385.7 805.8
1386.9 811.4
1360.4 788.45
1368.1 808.4
1370.2 817.75
1346.5 813.85
1341 814.75
1344.5 814.55
1332.3 782.75
1333 802.65
1318.4 811.55
1340.7 815.9
1333.8 819
1339.6 822.45
1331.5 809.45
1352.3 819.45
1348.3 815.6
1347.6 818.2
1363.4 837.6
1364.8 825.6
1361.9 820.05
1359.9 813.85
1364.6 832.2
1373.6 839.3
1374.7 837.9
1384.7 842.55
1388.2 857.25
1400.5 805.45
1413.4 774.3
1415.3 777.75
1408.7 785.45
1409.3 797.65
1430.7 814.35
1437.2 820.4
1416 812.6
1428.2 807.8
1434.1 788.25
1426.9 785.15
1429.3 780.35
1412.2 764.35
1421.5 763.75
1424.6 746.45
1392.6 703.3
1396 706.1
1404 716
1415.9 731.4
1426.2 741.3
1427.5 735.85
1437.9 748.9
1434.8 751.85
1426.1 750.4
1419.8 745.7
1416 752.95
1423.8 758.1
1438.9 767.9
1428.1 775.05
1432.2 783.4
1451.8 790.5
1457.7 781.8
1458.5 777.45
1473.4 792
1467.4 787.15
1452.9 769.55
1454.9 764.75
1471.7 773.7
1485.3 767.8
1492.3 738.8
1494.5 730.8
1498.3 758.6
1503.2 768.75
1508.6 760.5
1503 755.4
1516.7 757.8
1530.8 775.1
1556 791.95
1556.7 783.9
1540.1 782.2
1514.9 746.6
1480.9 710.7
1491.2 716.2
1502.9 728.9
1516.6 732.55
1501.1 715.3
1506.6 716.75
1493.4 706.45
1490.4 713.5
1479.8 714.25
1495.6 737.2
1492.2 728.15
1508.8 735.5
1515.3 731.8
1523.2 735.25
1526.6 747.35
1522.8 757.2
1536.3 759.9
1535.9 778.95
1542.4 777.45
1532 768.4
1541.7 783.25
1546.5 797.05
1543.3 807.8
1538.1 804
1542.1 816.4
1528.6 815.7
1515 798.45
1523.8 790.9
1525.6 774
1529.3 761.5
1538.6 743.7
1541.5 746.5
1546 764.75
1552.9 768.85
1520.1 741.55
1500.5 730.2
1496 722.85
1499.7 733.4
1509.9 750.15
1502.3 759.4
1482.3 756.45
1512.3 774.65
1528.7 772.2
1530.2 785.55
1541.2 777.95
1548.8 766.45
1561.9 766.45
1585.2 782.75
1589 782.1
1589.8 779.4
1602.1 793.35
1600.9 797.05
1596.7 792.4
1586.8 807.75
1601.3 805.15
1612 807.75
1616.6 834.85
1615 832.2
1613.4 827.1
1628.3 826.7
1619 828.5
1641.9 825.9
1663.4 794.1
1656.2 751.95
1648.8 740.75
1710.2 727.5
1740 733.55
1781.3 726.3
1748.8 733.3
1740.2 747.7
1755.5 745.85
1782.4 756.25
1791.2 775.65
1818.9 756.75
1848.9 748.55
1888.7 764.85
1858.3 764.15
1754.1 742.9
1759.8 750.9
1794.1 756.1
1788.4 753.7
1826.7 777.05
1828.5 788.1
1826 788.55
1873.7 781.1
1869.9 747.45
1814.2 750.85
1854.4 763.6
1856.4 737.1
1809.9 710.25
1826.8 727
1823.5 719.2
1778.5 721.7
1812.1 731.2
1776.4 710.35
1806.6 716
1805.5 711.1
1739.2 662.3
1637.5 640.75
1592.5 626.45
1650.6 649
1616.3 633.8
1615.5 623.1
1620.4 614.05
1656 593.25
1614.7 563.5
1640.3 569.7
1651.9 598.15
1634.5 585.2
1669.6 613.65
1659.7 603.65
1681.3 610.45
1667.3 593.45
1681.8 619.9
1675.5 616.15
1651.7 619.4
1646 607.9
1611.9 583.9
1635.1 617.75
1651.5 638.1
1699.6 651.7
1722.7 645.75
1746.7 669.75
1746.2 668.25
1724.2 651.05
1711 634.9
1728.7 648.55
1764.2 662
1755.3 655.2
1790.3 661.8
1798.4 677.15
1790.9 654.75
1758.9 647.7
1787.5 662.7
1777.8 664.2
1781.7 666.95
1773.8 654.35
1719.8 603.6
1724.7 605.05
1678.3 585.7
1702.2 601.05
1695.7 589.75
1685.5 570
1710.8 578.25
1713.4 581.75
1745.5 610
1735.3 627.65
1747 643.6
1730.7 644.5
1727.9 668.6
1740.9 683.2
1709.8 673.2
1712.8 684.65
1664.2 661
1659.9 662.15
1584.3 617.7
1574.6 618.85
1595.6 623.65
1594.4 615.6
1615.6 626.65
1611.9 632.15
1608.9 652.45
1604.7 665.55
1594.2 665.9
1562.9 646.6
1539.9 623.2
1565.8 655.6
1599.7 662.95
1611.9 653
1619.4 643.85
1616.1 613.45
1607.5 617.3
1631 634.65
1639.2 645.1
1647.3 640.7
1630.4 634.5
1655.2 654.95
1659.5 667.95
1654.1 677.85
1663.7 675.15
1678 688.3
1664.2 680
1699.8 692.8
1726.3 693.9
1731.8 689.6
1731 688.1
1737.8 685.95
1747.1 696.3
1756.8 707.25
1737.9 708.45
1722.8 705.55
1746.4 708.75
1729.3 715.5
1739 710.9
1723.3 702.65
1723 698.15
1715.9 686.85
1726.3 683.25
1726.8 696.2
1724.5 687.7
1757.1 710.45
1770 717.45
1784.9 718.1
1775.1 710.45
1773.6 705
1787 719.75
1709.9 706.65
1721.1 715
1708.8 710.8
1703 705.35
1671.4 670
1683.3 683.75
1698.1 697.4
1710.9 708.2
1699.2 702.75
1693.7 707.35
1642.5 695.95
1659.1 708.4
1655.5 700.2
1666.9 706.1
1646.7 695.55
1650 687.15
1642.3 649.55
1662.3 658.4
1685.5 667.25
1684.8 662.1
1657.9 646.35
1652.2 643.6
1669.3 653.15
1677.5 657.85
1670 658.65
1612.3 631.8
1628.5 643.85
1642.5 642.85
1659.5 635.9
1659 635.65
1679.5 652.15
1659.1 646.25
1648.7 649.75
1650.3 661.2
1638.8 656.5
1640.6 662.6
1642.1 676.2
1631.9 670.25
1643 665.15
1641.4 654.45
1659.6 672.05
1664 680.9
1663.4 681.75
1661.7 680.45
1653.4 668.85
1634.2 660.75
1644.7 651.55
1638.6 647.2
1604 622.35
1593.7 613.15
1595.1 614.85
1583.6 602.95
1560.6 594.4
1556.8 600.7
1536.2 593.7
1574.5 605.5
1591.6 603.25
1588.4 610.5
1576.3 615.3
1548.1 590.95
1557.3 587.4
1568.8 589.95
1548.6 603.5
1563.4 604.7
1562.6 612.1
1620.5 612.3
1612.2 612.25
1615.2 618.05
1632.8 631.25
1586.6 624.35
1590.1 610.65
1595.5 623.8
1612.7 622.45
1618.1 622
1618.4 633.6
1627 629.1
1625.7 631.85
1622.2 628.25
1614.8 618.35
1564.5 607.4
1566 605.95
1587.5 606.2
1574 592.65
1577.5 577.75
1549.7 562.4
1603.5 583.05
1597.2 576.5
1621.3 597.4
1608.9 584.25
1578.4 578.85
1588.6 582.6
1579.3 575.3
1575.2 581.65
1564.9 573.5
1591.6 584.35
1591.2 576.55
1589.1 582.1
1570.4 576.3
1580.1 583.6
1582.5 574.85
1577.1 569.7
1576 560.45
1608 564.35
1615 569.1
1617.9 571.05
1619.7 587.55
1610.5 589.75
1603.7 581.8
1587.4 567.05
1606 577.4
1612.9 578.85
1609.7 587.5
1612.9 585.8
1617.1 586
1619.7 581.5
1609.6 574
1599.4 577.7
1603.7 577.4
1616.1 582.8
1616.3 604.5
1620.1 607.1
1639.9 623.6
1637.4 628.15
1669.6 656
1669.8 651.55
1672.4 654.15
1666.5 639.3
1659.8 634.75
1653.5 614.9
1684.6 627.95
1692.9 640.25
1690.8 646.15
1702.6 647
1737.5 654
1728.7 672.25
1731.8 674.4
1730.6 678.8
1769.1 688.5
1769.8 698.8
1767.7 688.6
1768.4 666.85
1769 671
1767.7 659.6
1775.5 670.05
1762.1 644.35
1763.8 639.7
1750.6 624.7
1777.6 634.25
1771.1 639.65
1780.5 643.95
1772.7 652.55
1777.3 656.25
1794.1 673.1
1778.6 661.75
1773.5 655.5
1763 656.75
1763.2 648.45
1768.8 649.45
1758 637.95
1736 632.9
1744.7 639.25
1751.5 653.7
1743.3 647.5
1722.8 623.3
1725.1 622.95
1708.3 594.15
1700.5 593.05
1712 604.8
1710.9 595.7
1717.5 609
1714.1 611.65
1674.1 598.85
1682.2 602.2
1714.1 619.35
1713.2 609.55
1725.4 613.55
1730.3 610.25
1730.3 607.25
1724.2 635.8
1729.5 640.75
1713.3 630.4
1714.3 625.75
1734 644.6
1723.2 637.75
1727.9 650.7
1751.3 667
1749.5 660.7
1742.2 667.75
1716.5 672.9
1727.2 685.2
1710.9 686.25
1719.6 689.45
1694.4 681.1
1692.4 685.95
1700.3 695.55
1704 696.5
1713 703.25
1708.2 695.3
1716.6 699.65
1695.6 690.25
1695.8 700.8
1697 697.2
1669.5 689.85
1666.5 697.35
1644.9 679.25
1659.1 681.3
1658.6 683.55
1659.8 691.4
1662.6 707.35
1654.9 699.6
1674.8 702.65
1687.9 707.25
1673.7 696.45
1648.1 687.8
1645.5 669.25
1661.5 667.1
1654.8 687.45
1677.3 701.45
1660 700.7
1668.9 702.55
1683.4 712.6
1682.7 725.7
1690.4 725.4
1686.6 722
1692.8 729.15
1686.3 725.45
1669.5 725.95
1656.4 740.25
1652.4 739.8
1660.7 749.05
1679.9 751
1660.6 745.3
1669.4 756
1675.3 757.4
1672.4 765.05
1677.7 764.4
1670.4 750.05
1666 751.1
1648.2 758.2
1648.7 771
1644.2 771.65
1634.7 763.65
1608.8 752.75
1603.6 763.75
1577.6 736
1578.2 733.2
1572.4 734.9
1586.2 748.65
1615.2 739
1595.2 743.15
1577.7 732.6
1571.9 718.65
1572.1 712.5
1574.6 732.6
1574.6 738.05
1574.8 757.05
1576.6 780.65
1577.8 777.1
1591.5 773.4
1588.3 769.25
1590.6 768.8
1592.5 773.7
1604.6 762.85
1611.3 733.4
1607.5 756.4
1613.8 755.05
1606.2 759.75
1604.6 755.55
1595.8 759.6
1606.2 767.15
1594.8 767.1
1600 782.8
1575.1 768.25
1552.8 754.3
1551.8 724.3
1575.4 722.75
1572 728.65
1586.2 731.85
1558.3 719.7
1564.3 732.2
1501 707.95
1360.6 665.85
1386.8 677.05
1382.2 660.25
1392 668.65
1395.3 675.9
1421 680.75
1408.6 672.15
1423.4 666.45
1461.8 680.2
1453.6 680.85
1467.4 698.1
1472.2 696.7
1446.3 683.65
1467.7 692.2
1464.3 692.2
1468.1 696
1449 679.5
1473.9 697.15
1468.8 713.65
1436.8 704.6
1434.5 717.95
1424.7 726.4
1396.5 728.3
1387.1 740
1364.9 739.5
1384.3 750
1377.8 747.7
1367.6 751.75
1392 738.25
1386.8 726.05
1379.1 756.8
1391.3 747.75
1411.5 758
1392.6 751.05
1411.7 756.8
1397.1 748.85
1398.4 754.3
1415.7 760.75
1383 759.45
1386.2 767.65
1377 750.75
1391.8 755.25
1377.6 729.35
1387.3 729.8
1382.8 716.3
1366.6 706.8
1373.6 694.85
1285.9 663.55
1291.6 673.25
1276.8 656.1
1274.8 667.15
1229.6 631.7
1211.4 649.15
1223.8 659.2
1255.9 684.9
1243.6 687.1
1252.1 684.1
1212.9 675.95
1234.9 693.8
1245.9 696.05
1247.4 712.5
1280.1 716.9
1277.8 721.6
1283.8 731.05
1290.8 734.5
1277.9 734.35
1284.6 746.4
1293.3 748.65
1336.4 749.55
1335.1 738.55
1319.7 744.4
1329 739.85
1321.7 723.1
1328.4 743.75
1324 727.75
1312.4 725.45
1311 730.95
1310.6 728.8
1302.6 734.3
1283.2 721.9
1286.1 722.25
1310.7 737.65
1312.9 740.1
1334.7 736.7
1321.2 738
1334 739.45
1361.6 755.95
1371.7 762.15
1366.2 752
1373.1 748.75
1370.6 746
1371.2 754.35
1395.7 750.35
1393 745.55
1420.6 748.9
1419 746.05
1412.9 737.75
1396.1 722.1
1412 716.2
1389.9 696.6
1373.1 685.8
1386.7 695.45
1386.8 681.4
1364.1 691.05
1363.9 689.6
1330.4 691.2
1308.4 697.5
1317.9 704.3
1309.5 705.25
1307.8 701.45
1369.4 736.55
1332.5 720.3
1326.9 716.3
1316 718.35
1335.9 724.2
1323.6 722.15
1338.4 730.8
1326.5 726.15
1286 717.9
1320.6 720.2
1317.4 699.2
1309.7 700.95
1324.8 704.35
1324.2 713.9
1306.9 703.1
1296.6 711.55
1268 712.3
1276.4 714.25
1273 705.3
1282 712.55
1322.7 736.8
1314.4 739.65
1315.7 749.25
1342.5 751.9
1333.9 745.1
1350.2 746.8
1352.4 746.9
1352 749.45
1345.2 746.05
1349 748.95
1323.6 736.25
1313.1 737.7
1314.6 748.95
1308 749.75
1317.7 763.8
1308.4 758.6
1284.5 757.35
1281 754.05
1271.1 741.85
1268.3 735
1286.2 739.4
1287.3 732.3
1272.2 716.4
1273.4 721.6
1257.9 713.65
1243.5 713.1
1244 713.95
1241.1 719.85
1241.4 716.2
1237.8 714.35
1250.6 718
1222.3 712.4
1221.7 714.05
1248.2 728.6
1233.2 736.75
1230.3 735.45
1235.3 734.5
1262.4 738
1258.5 738.1
1226 719.8
1235.7 715.75
1245.5 715.9
1231.2 699.65
1236.1 698.4
1195 695.3
1205.1 697.85
1198.4 694.75
1205.1 694.55
1214.1 699.85
1216.1 711.05
1203.1 709.9
1201.9 717.4
1225 729.35
1238.4 730.3
1237.8 737.6
1229.4 740.8
1225.3 737.4
1229.3 735.6
1246.7 745.15
1250.9 739.1
1245.2 738
1238.1 743.1
1240 743
1251.7 747.65
1242.3 747.15
1239 747.95
1262.6 745
1264.5 733.9
1263.6 721.65
1251 715.6
1262.2 710.25
1242.2 706.65
1240.1 703
1260.4 702.5
1251.7 699.9
1257.3 706.9
1257.6 710.15
1263.3 708.6
1274.8 716.55
1290.1 716.15
1295.3 728.85
1300.4 730.9
1319 737.4
1324.7 736.95
1320.6 735.2
1317.1 736.1
1323.9 739.8
1338.3 742.9
1343 736.1
1328.2 731.5
1331.6 742.25
1321.4 743.85
1350.1 749.8
1337.8 763.7
1340.2 772.65
1351.7 780.95
1338.1 781.6
1341.4 776.65
1346.5 770.3
1370.3 776.95
1372.2 778.75
1379 773.05
1372.9 776.2
1359 771.75
1341.4 768.65
1330.5 772
1336 788.75
1311.2 795.35
1311.4 789.4
1303.4 781.15
1294.7 761
1293.8 774.1
1283.4 777.5
1279.6 782.35
1290.5 788.6
1284.4 789.1
1303.2 791
1298 767.9
1308.7 776.1
1305.5 782.8
1320.1 792.55
1318.7 807.05
1327.2 811.75
1300 796.15
1303.1 802.55
1293.4 807.35
1288 778.05
1280.6 783.9
1284.2 786.25
1290.5 802.55
1300.7 811.45
1298.9 800.95
1296 808.05
1295.6 812.65
1283.1 814.3
1302.6 812.55
1309 816.65
1308.3 818.55
1288.6 796.85
1287.4 804.2
1287.3 799.9
1295.6 808.9
1294.6 817.45
1305.7 828.6
1293.5 811.9
1293.3 814.8
1293.7 815.4
1294.5 825.7
1288 830.3
1294.9 836.3
1291.6 831.3
1265.4 830.55
1259.3 839.75
1256.3 833.8
1245.6 835.65
1243.7 832.05
1244.3 836.2
1244 836.65
1253 838.85
1252.1 843.95
1253.5 841.95
1259.8 854.9
1260.8 860.7
1273.6 820.15
1273.7 813.35
1274.9 810.1
1271.7 817.45
1272.4 823.65
1313.7 839.35
1316.2 822.95
1318 823.6
1320.9 831.8
1322.2 834.25
1316.1 836.2
1319 843.25
1321.8 843.55
1326.4 855
1330.7 857.8
1320.4 862.3
1316.5 869.25
1316 873.2
1323.8 873
1338.7 873.05
1337 874.75
1306.3 871.45
1296.9 866.3
1299.6 875.75
1316.7 884.1
1309.2 880.5
1313.7 876.15
1306.1 873.85
1304.5 873.3
1290.6 869.95
1303.1 878.8
1303.3 879.75
1298.3 879.3
1294.9 881.1
1281.3 874.65
1293.6 865.5
1287.7 856.05
1284 849.25
1306.7 849.4
1310.8 856.55
1308.9 861
1308.5 875.2
1308.8 878.5
1312.8 882.1
1313.9 886.65
1304.5 895
1297.7 895.4
1295.1 881.3
1293.4 868.95
1273.7 880.4
1278.6 888
1277.3 890.15
1283.8 889.1
1281.9 893.9
1288.7 897.2
1285.8 908.65
1263.7 882.6
1268.9 875.35
1265.1 890.4
1265.8 891
1252.7 885.7
1246.8 860.1
1243.5 848.85
1237.4 833.35
1229.9 836.05
1233.6 836.9
1235.2 844.2
1234.4 838.8
1225.7 831.4
1215.3 812.35
1216.8 802.9
1221 815.25
1218.6 819.5
1221.2 802.2
1214.1 783.55
1217.5 789.3
1210.5 774.95
1214.6 783.7
1214.2 767.8
1192.2 753.7
1206.7 765.25
1211.7 786.15
1205.3 795.6
1224.6 799.65
1221 784.2
1229.3 785.1
1233.6 794.25
1244.1 763.4
1240.5 745.15
1238.3 755.85
1244 761.45
1251 775.15
1244.8 775.85
1228.5 778.45
1231.2 780.05
1229.1 786.3
1229.2 792.5
1224.3 800.35
1198.1 780.35
1171.1 791.45
1169.4 804.05
1167.4 790.3
1145.4 757.5
1142.3 752.25
1169.6 772.2
1159.6 765.9
1162.8 772.35
1158.9 773.3
1161.1 770.5
1185 771
1183 768.35
1196.7 776.35
1193.6 769.6
1190.7 766.8
1197.5 794.55
1195.5 789.75
1197.1 795.25
1196.6 801.6
1175.2 812.4
1218 808.1
1199.2 803.05
1208.5 796.85
1207.5 801.45
1190.1 803.2
1194.7 798.3
1231.5 812.1
1228.9 821.8
1225.1 819.6
1222 816.55
1207.2 801.75
1193.9 784
1194.3 779.25
1194.7 792.15
1195.9 805.1
1179.7 815.25
1177.9 814.05
1173.5 807.8
1195.3 818.6
1181.7 812
1200.2 804.2
1183.9 798.4
1186 794.85
1203.9 793.2
1219.3 800.4
1210.6 792.45
1208.4 793.1
1216 800.15
1232.7 814.1
1234.3 815.7
1234.4 780.65
1264.7 766.35
1276.9 754.3
1294.2 778.75
1293.7 768.25
1300.7 773.6
1292.6 775.4
1279.4 783.15
1291.7 782.05
1285.9 797.6
1254.6 772.9
1278.5 772.7
1276.2 788.3
1259.7 786.3
1263.8 790.5
1262 796
1233.9 781.6
1240.8 779.95
1231.6 766
1219 766.85
1220.1 773.95
1226.5 794.75
1208.1 783.55
1199.7 776.9
1207.1 787.1
1204.4 779.5
1200.3 786.25
1196.9 790.3
1201 808.35
1209.6 810.25
1212.6 818.45
1207.7 830.3
1204 831.15
1200.6 830.4
1195.9 825
1164.1 818.05
1166.4 822.6
1160.1 803.75
1150.7 789.05
1152.1 786.6
1152.6 788.35
1153.3 779.75
1148.3 761.8
1151.4 764.3
1169.1 765.45
1184.8 778.75
1188 770.35
1191.7 763.35
1197.3 765.05
1205.1 773
1199.8 740.65
1184.8 728.7
1183.1 735
1208.1 748.55
1200.9 746
1218.6 768.5
1210.6 768.7
1203.1 755.4
1193.6 762.1
1204.6 775.75
1199.3 771.1
1192.8 762.2
1201.5 766.8
1198 779.45
1202.9 782.65
1193.5 772.1
1202.9 774.25
1186.9 755.6
1194.4 769.6
1175.2 769.95
1203.3 782.15
1214 780.85
1209.8 784.75
1182.4 776.5
1174.5 773.75
1186.8 782.65
1193.2 794.95
1190.3 792.65
1182.4 785.75
1189.1 802.35
1183.2 780.45
1192.6 785.15
1218.4 789.4
1225.4 779.5
1225.5 794.95
1227.8 793
1206.9 775.15
1208.9 776.85
1204.4 776.1
1204.3 784
1187.2 780.4
1185.9 785
1188.1 784.8
1189.4 776.75
1188.3 772.65
1194.1 768.2
1184.7 757.8
1174.9 755.1
1167.8 750.4
1173.2 743.1
1177.3 739.4
1186.1 743
1179.9 742.6
1178.8 738.15
1185.3 734.1
1180.5 732.75
1176.4 720.3
1201.5 718.6
1201.5 707.35
1183.7 695.4
1176.2 695.55
1172.6 695.45
1171.5 679.15
1172.9 678
1178.5 665.45
1171.5 671.65
1169 700.2
1163 693.15
1172.9 675.15
1152.4 651.4
1163.3 652.5
1159 637
1157.7 649.35
1155.2 657.95
1153.3 656.1
1147.2 641.9
1143.8 630.95
1131.8 618
1106.7 611.05
1103.4 628.45
1091.4 625.75
1094 616.85
1085.6 621.6
1096.5 612.1
1096.3 620.6
1092.7 614.6
1088.4 620.05
1094.9 610.35
1089.4 602.7
1090.7 598.1
1085.7 592.5
1090.2 599.3
1094.1 596.4
1104.2 605.7
1107.6 598.75
1123.2 622.6
1115.7 615.2
1112.9 617
1118.6 613.3
1117.1 596.5
1128.1 609.35
1153 622.95
1159.6 604.15
1153.4 574.75
1138.2 539.8
1124.6 529.35
1122.4 568.3
1133.1 589.55
1131.6 601.55
1138.7 578.5
1132.5 582.8
1123.7 580.6
1120.6 576.8
1120.4 585.7
1102.2 577.4
1109.5 591.7
1103.5 590.5
1107.7 587.35
1102.8 599.15
1119.2 611.05
1117.3 598.5
1138.1 610.35
1133.1 615.75
1125 610.85
1131.6 645
1153.8 655.9
1146 667.55
1132 651.25
1127.1 657.4
1115.5 651
1114.2 679.4
1137.1 697.6
1138.1 687.85
1146.8 706.35
1149 698.15
1144.7 701.8
1156.3 706.8
1164.9 693.3
1165.8 684.05
1180.1 699.6
1187.9 704.25
1183.6 698.9
1173.3 687.6
1178 694.35
1167.6 676.65
1166.6 685.1
1163.3 693.35
1167 683.4
1166.8 678.25
1177.1 685.6
1147.2 670.6
1141.5 677.05
1135.8 650.15
1114.2 643.8
1106.5 623.2
1104.4 606.1
1087.6 612.75
1087.9 596.75
1088.2 597.6
1084.7 576.8
1080.8 558.5
1080.8 539.05
1083.7 551.35
1068.7 546.3
1068.8 531.85
1078 540.8
1076.4 558.7
1066.8 541.15
1074.3 541.3
1070.5 551.1
1056.2 549.6
1065.8 541.95
1063.8 538.65
1054.2 525.7
1061.7 535.85
1084.5 566.2
1076.4 554.45
1076.3 547.25
1077.6 552.2
1073.1 541.4
1076.9 543.95
1064.7 547.75
1062.9 565.95
1078 570.95
1050.8 556.8
1066.2 558.3
1081.9 552.75
1074.8 554.9
1069.4 553.45
1077.2 559.5
1070.5 552
1077.5 555.45
1060.1 547.75
1060.3 560.8
1075.1 542.95
1078.4 535.1
1091.9 505.05
1107.7 493
1097.8 493.6
1096.5 474.3
1085.6 469.9
1087.5 486.55
1073.9 491.15
1091.5 486.95
1089.9 496.8
1107.1 487.75
1099.1 497.75
1097.2 498.4
1106.2 489.7
1121.7 491.75
1116.1 500.55
1115.6 491
1116.4 497.5
1127.9 501.6
1127.3 490.6
1141.3 516.85
1157.6 516.85
1157.8 499.65
1197.9 519.05
1198.7 517.8
1194.7 525
1247.9 524.7
1239.1 527.25
1207.9 509.8
1211.1 516.1
1226.1 505.05
1230.4 499.25
1209.5 498.85
1222.3 500.25
1238.7 487.5
1238.2 483.6
1219.8 482.1
1233.9 495.6
1230.3 517.6
1241.1 515.5
1257.4 542.45
1269.9 563.1
1263.2 577.9
1262.1 567.2
1256.6 566.5
1272 574.35
1258.7 580.45
1244.4 573.25
1230.4 570.4
1229.3 577.2
1264.5 597.35
1253.8 589.6
1243.8 602.5
1248.2 605.35
1223.7 582.75
1221.4 572.95
1219.9 567.25
1235.6 572.75
1226.9 565.4
1234.2 563.05
1222.2 561.8
1218 555.1
1228.4 546.35
1222.5 539.7
1236.2 535.3
1242.5 540.15
1256.7 546.9
1259.4 545.55
1246.8 543.7
1225 561.95
1233.1 569.3
1233.6 569.05
1253 583.2
1253.2 598
1249 611
1228.7 607.15
1238.9 606.45
1242.2 605.25
1249.2 610.4
1265.5 624.6
1289.2 627.9
1294.7 625
1290.7 609.1
1273.3 596.7
1271.4 600.95
1292.9 607.45
1265.6 584.35
1263.9 592.45
1274.6 608.3
1270.3 596.9
1271.9 592.2
1273.4 590.8
1276.2 584.4
1273.7 579.4
1254.2 558.25
1252.4 558.7
1251.1 550.05
1228.9 537.75
1223.5 530.2
1220.1 543.2
1214.8 547.75
1211.9 547.3
1209.8 535.6
1240.1 549.25
1244.6 557.05
1244.4 552.95
1259.8 562
1270.2 561.45
1273.4 547.15
1284.4 546.65
1285.6 536.55
1285.8 533.3
1296.1 535.85
1292.5 532.65
1290 550.55
1270.5 554.05
1268 564.95
1261.2 568.25
1320 548.8
1322.5 559.75
1315.3 572.25
1323.9 591.55
1318.4 598.15
1336.7 606.15
1356.4 603.15
1364.9 608.05
1360.1 612.85
1356.6 617.6
1355 625.8
1334.1 629
1342.4 644.3
1331.3 651.6
1326.5 647.9
1328.4 646.55
1331.5 656.9
1318.8 674.4
1330.5 683.85
1323.1 684.45
1319.3 687.15
1320.7 691.2
1326.6 702.3
1332.3 697.35
1349 708.45
1351.4 714.95
1364.4 716.4
1356.1 712.55
1358.8 704.75
1336.4 695.05
1333.4 692.05
1339 693.1
1344.3 725.15
1342.5 690.55
1335.8 689.55
1340.3 691.1
1350.5 704.05
1342.7 690.7
1351.2 712.4
1340.4 708.45
1337.7 691.25
1340.6 698.95
1324.4 682.4
1320.1 684.9
1321.5 692.05
1322.9 697.3
1311.7 677.95
1306.9 668.7
1312.2 661.25
1322.1 674.2
1349.4 701.2
1344.3 688.1
1336.8 687.8
1330.1 679.45
1321 656.7
1319 656.1
1321.5 656.5
1313.5 656.6
1305.8 672.85
1313.5 686.7
1313.7 683.95
1326.9 684.25
1340.4 701
1337.2 706.4
1339.7 696.05
1325.9 700.15
1319.4 713.5
1321.7 718.5
1313.3 720.5
1309 710.75
1266.3 698.5
1265.2 674.55
1249.8 665.1
1248.9 666.35
1253 647.1
1251.1 648.05
1255 635.8
1253.1 647.25
1254.4 636.75
1260.8 638.35
1267.9 634.45
1265.6 631.8
1265.9 619.7
1262 629.7
1271.9 633.8
1264.8 619.9
1267.9 612.15
1275.5 615.8
1271.5 617.45
1286.4 633.55
1306.8 633.95
1302.1 617.05
1303.3 624.25
1278.3 655.85
1273.4 664.95
1272.6 680.9
1265.5 695.95
1221.2 697.15
1224 705.4
1223.4 718.25
1216.5 729.1
1208.5 727.25
1209.6 726
1211 743.7
1189.1 736.85
1178.2 740.5
1190.6 755.8
1187.9 763.65
1170.8 771.65
1166.9 751
1175.1 744.8
1174 745.95
1167.6 734.55
1175 733
1169.8 739.3
1159.4 735.15
1163.5 727.35
1156.7 729.6
1161.3 731.55
1127.8 706.3
1135.3 697.9
1140.5 679.35
1131.5 671.35
1131.1 660.4
1128.8 657.1
1131.9 655.35
1137.3 674.3
1139.4 667.35
1156.4 675.05
1150 682.65
1160.4 709.3
1163.8 738.2
1179.7 737.6
1171.9 757.75
1183.5 756.55
1184.2 764.65
1195.6 753.3
1198.9 764.65
1195.3 748.55
1212 752.4
1211.3 750.4
1200.9 750.55
1204.3 787.8
1215 770.9
1210.3 795.25
1197.3 735.5
1189.5 723.85
1188.1 738
1193.2 738.5
1208.6 754.35
1205.6 762.95
1216.7 759.1
1218.5 749.05
1230 774.35
1234.2 764.5
1237.6 769.8
1235.1 772.6
1234.4 783.15
1224.4 775
1223.9 780.95
1231.7 786.25
1240 793.35
1237.6 779.25
1237.5 778.85
1232 769.1
1250.2 773.35
1256.9 771.7
1257.4 784.05
1252.6 770.7
1248.9 778.05
1231.9 769.25
1225.5 767.85
1224.5 774
1215.1 776.75
1208.5 772.4
1202.4 748.9
1200.7 746
1202.4 755.3
1201.9 742.65
1200.1 747.45
1226.5 768.65
1229.8 777.8
1233.6 783.65
1246.1 789.65
1249.3 791.45
1246.9 801.9
1248.2 815.1
1255.4 798.45
1255.3 794.6
1253.4 792.2
1245 797.5
1247.3 798.15
1250.8 802.55
1255 806.95
1245.4 807.75
1250.3 803.95
1254.3 803.55
1251.1 789.85
1271.2 802.95
1275.3 796.15
1285.9 795.75
1289.4 788.4
1291.7 770.85
1281.4 775.45
1281.9 802.75
1287.4 790.6
1275.8 795.3
1265.6 796.5
1262.1 805
1263.7 812.85
1266.1 826.55
1253.3 814.3
1255.1 813.45
1246.4 799.15
1226.5 800.5
1224.8 812.9
1225.3 805.4
1214.3 793.45
1217.3 799.2
1222.7 798.8
1226.2 803.35
1228.6 796.85
1235 791.85
1257.5 776.85
1251.7 765.3
1252.7 760.55
1260.7 758.95
1254.8 772.2
1252.4 761.5
1255.8 768.85
1267.6 786.95
1262.1 806.2
1272 819.85
1267 827
1276.8 837.95
1279.3 845.75
1294.4 852.3
1290.1 834.2
1276.3 854.9
1268.5 864.6
1266.1 872.65
1265.8 866.25
1272.8 863.3
1252.2 868.75
1254 888.65
1244.2 875.85
1241 885.15
1243.4 894.45
1247.6 898.4
1256.2 874.55
1246.3 880.85
1246.4 875.25
1248 871.5
1244.2 858.45
1240.7 849
1217.9 854.75
1220.4 846.75
1222.2 844.2
1208.6 843.25
1212.1 849.35
1213.6 857.95
1218.1 872.65
1216.3 865.85
1226.6 865.75
1232.8 870.55
1241.1 869.4
1241.2 864.15
1244.8 852.6
1254.3 849.35
1253.9 854.05
1251.7 861.95
1249 867.9
1259.6 881.9
1268.4 885.25
1266.6 890.5
1272.6 898.4
1271.8 897.2
1267.8 886
1258.3 879.8
1258.2 890.2
1256.4 903.4
1273 896.85
1283.7 902.05
1287.7 899.7
1284.2 903.15
1273.7 897.05
1276.9 912.7
1286.4 928.55
1285.7 929.5
1290.8 941.4
1285.1 934.75
1288.9 935.4
1286.5 938.55
1292.5 933.45
1309.7 936.6
1313.1 947.45
1308.1 931.35
1316.2 931.95
1324.5 981.15
1339.2 963.05
1333.9 938.15
1345.1 955.1
1346 936.95
1331 937.3
1328 949.05
1323.4 939.35
1324.7 919.95
1320.4 927.4
1306.3 934.95
1306.2 905.7
1312 911.55
1290.6 912.95
1293.3 920.5
1306.8 910.35
1297 914.7
1283.4 925.2
1285.5 928.95
1281.5 937.95
1272.7 912.4
1271.5 918
1273.7 920.75
1269.9 937.6
1271.6 920.1
1281.8 929.1
1290.6 934.75
1285.8 960.05
1293.3 974.8
1301.5 986.6
1299.9 977.4
1283 977.05
1279.9 954.05
1286.9 953.9
1277.4 970.95
1277.7 951.05
1275 962.3
1275.4 959.2
1266.3 969.2
1268.5 959.35
1274.1 964.05
1267 980.55
1274.1 999.55
1274.9 995.4
1266.5 992.9
1279.4 996.5
1273.7 995.5
1281.6 1017.2
1285.6 1005.8
1272.4 994.5
1277.3 991.1
1281.5 986.95
1276.5 986.5
1277.4 986.25
1295.8 994.3
1274.6 987.5
1281.1 997.9
1291.6 1003.35
1286.7 995.1
1293.8 1002.45
1294.7 1022.05
1282.1 1009.95
1273.2 1006.6
1278.8 1020.05
1274.3 998.75
1261.6 991.75
1262.8 1001.55
1249.8 1016.3
1245.2 1009.75
1243.7 1012.1
1238.5 1015.7
1245.4 1017.4
1253.8 1042.05
1254.3 1028.75
1262.2 1025.4
1260.7 1031.95
1266.1 1037.95
1267.3 1043
1275.4 1044.85
1284.1 1057.75
1287 1071.65
1294.1 1076.2
1306.3 1073.75
1313.7 1090
1316.2 1086
1319.4 1097.4
1320.3 1084.85
1318.6 1098.55
1311.7 1100.8
1317.4 1080.05
1320.6 1078.9
1333.4 1108
1335.4 1090.8
1338 1112.35
1326 1095.95
1331.9 1101.05
1330.9 1094.95
1335.7 1086.9
1355.9 1109
1362.4 1100.05
1351.6 1087.7
1335.4 1056.4
1339 1027.5
1344.3 1028.65
1333.7 1048.9
1333 1036.9
1326.1 1006.45
1311.6 988.5
1316.9 966.15
1313.1 967.3
1324.2 980.1
1328.1 984.65
1355.5 1001.25
1352.1 1010.6
1353.2 1037.65
1328.8 1029.05
1330 1024.4
1330.6 1035.4
1328.2 1043.05
1330.7 1056.5
1315.5 1029.2
1315.5 1047.2
1302.9 983.15
1321.1 995.45
1318.1 987.35
1333.6 988.15
1326 968.9
1319.9 975.45
1322.4 990.6
1319.4 971.4
1325.9 995.35
1324.4 988.5
1316.8 984.75
1311.3 992.3
1316.8 991.15
1311.1 979.65
1320.7 990.2
1326.6 985.55
1349.3 975.05
1354.4 970.35
1341.3 975.3
1324.2 964.2
1322.8 944.8
1342.1 928.5
1332.8 928.8
1335.8 918.9
1324.3 901.1
1331.9 896.15
1336.3 933.5
1342 950.75
1356.5 961.95
1338.4 960.15
1344.8 981.95
1347.5 1004.75
1347.2 1006
1351.2 1035.95
1346.8 1027.45
1336.7 1031.2
1322.5 980.55
1331.4 972.65
1321.2 968.5
1316.3 980.05
1320.3 965.2
1316.2 962.75
1303.8 938.45
1302.6 962.35
1310.7 960.9
1312.7 959.45
1312.2 964.3
1312 965.6
1311.3 972.8
1320.8 996.1
1319 987.4
1316.5 997.9
1288.9 985.4
1290.2 984.7
1288.2 979.7
1290.2 962.4
1290.2 992.6
1291.7 989
1289.3 973.3
1303.7 969.7
1303.3 979
1298.7 974.5
1301.5 976
1300.1 988.9
1294.8 1002.1
1293.1 1000.5
1297.5 998.7
1297.1 1027.1
1298.7 1021.5
1298.1 1018
1298.9 1028.8
1295.1 1027.6
1296.9 1019.5
1304 1018.9
1274.6 993.8
1276.2 994.9
1275.6 970.3
1271.2 967.1
1267.2 955.5
1267.4 956.3
1265.6 945.3
1256.6 964.6
1252.8 953.8
1247.8 938.3
1251.3 958.3
1239.8 941.8
1251.6 945.4
1257.3 950.1
1254.3 955
1258.1 962.1
1253.8 945
1242.8 944.4
1245 956.2
1239.6 940.2
1238.1 920.9
1225.7 916.6
1226.3 909.2
1222.4 873.6
1229.5 896.3
1224 910
1223.9 916
1231.4 935.7
1225.3 941
1222.6 925.9
1221.3 930.5
1223.7 939.9
1217.9 919.9
1210.6 923.5
1214.2 915.9
1208.6 911.6
1209.6 910.9
1212.6 894.4
1211.9 906.4
1211.1 909.1
1191.3 888.9
1193 898
1177.5 845.2
1176.2 882.8
1176.5 892.8
1186.8 913.7
1192.6 925
1196.3 933.2
1187 926.2
1206.3 943.6
1209 956.9
1207.4 954.4
1204.5 973.5
1197.7 963.7
1200.3 980.3
1192.7 977.9
1194.9 971.6
1197.9 981.6
1193.6 987.8
1193 983.6
1195.4 980.9
1204.7 993.3
1202 997
1195 998.8
1199.7 1005.3
1196.8 1027.4
1202.2 1053.4
1206.2 1066.8
1196.2 1066.9
1199.3 1071.6
1200 1073.3
1194 1082.6
1182.3 1089.2
1191.5 1090.8
1187.1 1074.4
1202.4 1068.7
1198.3 1071
1197.2 1063.5
1201.2 1075.1
1184.4 1086.9
1187.2 1080.1
1189.3 1085.2
1223.5 1093.2
1218.1 1078.8
1226.4 1096.2
1227.3 1091.9
1223.7 1085.6
1226.5 1082.7
1225.3 1087.9
1221.2 1125.7
1233.4 1140.8
1227.8 1130.3
1229.1 1105.6
1232.5 1103.9
1224.5 1097.3
1222.6 1071.6
1212.3 1085.1
1236 1098
1230.9 1121.1
1229.8 1138.2
1223.8 1111.9
1226.2 1137.3
1222.9 1132.7
1206.4 1114.1
1201.3 1102.2
1199.2 1108.7
1207.9 1126.8
1212.8 1154
1220.8 1171.2
1223.1 1157.9
1219 1142.7
1225.8 1149.8
1221 1131.1
1220.2 1141.3
1211.2 1148.4
1221.4 1178.3
1224.1 1163.4
1220.2 1168.6
1233.9 1189.6
1241.1 1204.2
1238.1 1167.5
1246.8 1196.4
1243.7 1184.3
1241.9 1202.9
1244.4 1220.1
1242.7 1216.3
1237 1198.6
1252.1 1240.2
1263.6 1230.8
1253.8 1207.7
1267.5 1225.1
1269.2 1234.9
1277.3 1253.4
1279.9 1240.1
1278.3 1253.9
1281 1255.5
1291.8 1257
1282.7 1291.1
1286.8 1296.9
1283.2 1318.1
1289.3 1326.1
1284.7 1270.7
1287.1 1276.2
1289.1 1279.5
1286.2 1274.6
1291.6 1316
1291 1345.7
1281.3 1374.1
1282.5 1345.5
1283.1 1347.2
1279.1 1319.7
1297.4 1358.8
1302.4 1328.3
1308.2 1342.6
1309.9 1354.8
1319.7 1338.3
1316.9 1352
1314.3 1368.8
1314.2 1379.6
1309.5 1390
1309.4 1396.5
1313.7 1409.6
1307 1395.2
1309.2 1413.8
1310.8 1411
1309.8 1424.3
1318.1 1445.6
1340.1 1492.3
1343.3 1500.5
1323.5 1455.2
1329.2 1472.3
1325.9 1506.6
1325.1 1533.6
1317.7 1523.4
1312.8 1532
1296.4 1536.6
1284.8 1515.6
1282 1496.4
1284.9 1516.9
1283.8 1512.4
1297 1489
1288.8 1503.7
1296.3 1519.9
1307.5 1535.7
1293.4 1531.7
1301.8 1535.6
1300.3 1556.8
1305 1569.7
1300.5 1580.8
1306.1 1578.3
1311.6 1535.9
1321.9 1563.8
1314.3 1536.3
1309.9 1441.9
1289.8 1312.9
1293 1345
1288.4 1395
1290 1403.5
1289.9 1381.3
1289 1335.5
1290.4 1349.1
1297.1 1356.3
1303.5 1365.8
1309.1 1366.4
1288.6 1335.8
1290.6 1355.2
1286.8 1339.7
1272.6 1333.4
1272.2 1383.6
1271.9 1403.5
1273.5 1374.8
1269.3 1380.6
1275.5 1410.1
1275.8 1411.9
1284.9 1452.2
1278.6 1366.7
1282.8 1387.4
1281.4 1349.1
1269.7 1347.9
1279.2 1362.7
1281.7 1332.8
1283.5 1328.1
1279.4 1311.1
1283.5 1287.7
1285.7 1355.4
1300.1 1321.5
1294.7 1337.7
1296.3 1337.6
1285 1329.4
1274.5 1310.5
1276.1 1335.7
1272 1317.2
1273.6 1318.2
1284.8 1312.5
1283 1330.4
1276.5 1344.2
1280.6 1353.3
1287.1 1369.8
1305.8 1333.9
1322.7 1313.7
1323.4 1337.1
1328.3 1322.5
1337.6 1342.6
1341.2 1349.5
1324.7 1378.6
1326.4 1381.5
1331.9 1397.4
1339.2 1429.6
1340.1 1452.7
1338.7 1446.6
1346.6 1464.4
1344.6 1484.1
1392.9 1472.1
1396.2 1491.3
1414.3 1520.4
1414.9 1521.8
1411.6 1518
1408.4 1532.2
1409.7 1532.4
1385.6 1539.1
1404.6 1547.2
1417.7 1559.8
1396.7 1558.6
1397 1552.5
1397.5 1534.6
1410.1 1584.6
1404.3 1555.6
1409.9 1538.9
1411.4 1559.4
1409.2 1512.8
1421.3 1539.7
1426.1 1508.4
1425.1 1504.8
1425.3 1525.7
1420.1 1515.1
1422.8 1535
1413.9 1530.4
1418.5 1527.5
1419.6 1550.3
1429.7 1503.9
1426.1 1519.2
1420.9 1409.1
1445.6 1399
1464.6 1411.1
1472.4 1431.8
1507.3 1405.1
1497.7 1408.3
1496.6 1414.1
1505.3 1428.9
1502.2 1450.6
1515.9 1416
1519.6 1439
1512.5 1439.3
1500.4 1473.3
1504.6 1487.8
1504.6 1464.2
1497.3 1484
1526.6 1453.3
1526.3 1471.3
1541 1477.3
1537.8 1459.8
1526.5 1469.1
1519.1 1538.6
1545.9 1533.2
1550.3 1550.3
1515.4 1560.2
1506.2 1544.1
1502.2 1535.9
1490.3 1553
1494.4 1556.6
1498.7 1604.6
1490.9 1600.5
1503.1 1591.5
1505.1 1595.4
1507.5 1579.3
1498.4 1614.4
1507.3 1626.8
1523.7 1627.4
1532.1 1648.2
1504.6 1613.6
1507.5 1644.7
1499.1 1654.3
1465.7 1648.9
1482 1632.1
1501 1666.9
1507.1 1631.6
1506.2 1643.8
1497.7 1647.7
1497.2 1652.1
1506.1 1656.1
1494.8 1677.3
1482.7 1671.5
1491.7 1688.4
1477.6 1698
1488 1736.4
1492.3 1732.1
1488.2 1719
1482.4 1726.7
1481.7 1729.9
1489.9 1716
1498.9 1749.3
1499.5 1745.6
1490 1780.7
1487 1756.5
1493.2 1794.6
1511.4 1758.1
1508 1786.8
1508 1755.3
1480.8 1749.2
1490.2 1763.6
1464.2 1780.3
1461.3 1711.1
1455.5 1658.5
1452.1 1672.6
1461.7 1677.6
1471.8 1704.6
1467.3 1685
1470.9 1706.9
1473.3 1739.9
1473.3 1744.3
1463.1 1734.4
1463.1 1745.9
1456.6 1773.9
1459.8 1784.8
1453.4 1811.4
1465.6 1815.6
1462.3 1830.2
1478.2 1828.2
1474 1848.9
1476.9 1849.2
1459.1 1844.2
1459.3 1858.8
1462.6 1871.3
1469.4 1887.3
1466.7 1914.1
1475.6 1890.4
1475 1963.5
1474.6 1918.5
1472.6 1896.1
1478.2 1900.9
1474.7 1808.8
1482.5 1848.9
1499.1 1851.7
1509.3 1868.5
1513.8 1881.1
1514.5 1880.3
1519.5 1909.1
1524.5 1927.8
1549.2 1955.5
1566.2 1989.4
1571.8 2014.1
1557.4 2061.2
1551.7 2060.2
1557.5 2072.7
1548.4 2078.9
1542.4 2123.3
1552.1 2176.1
1549 2188.8
1558.8 2237.9
1556.4 2245.7
1555.3 2348.6
1564.6 2342
1571.1 2329.3
1576.8 2208.6
1569.2 2230.1
1569.8 2247.2
1583.5 2237.6
1582.9 2246.6
1577.2 2255.4
1550.4 2357.5
1557.8 2348.6
1565.1 2259.1
1568.6 2232.1
1574.7 2271.7
1565.6 2287.6
1567.4 2344.4
1575.1 2372.9
1582.7 2338.6
1600 2519.5
1607.5 2593.1
1616.6 2595.8
1644.6 2627.3
1672.4 2543.2
1646.9 2669.7
1640 2714.7
1640 2744.7
1564.1 2508.8
1592.3 2445.4
1642.1 2405.2
1641.1 2402.7
1666.4 2487.1
1670.8 2456.9
1674.5 2423.4
1659.1 2347.5
1641.4 2259.4
1589.3 1945
1515.7 1539.2
1485.9 1544.2
1524.9 1539.7
1477.3 1449.9
1478.6 1559.5
1484 1570.3
1567 1587
1660.2 1817
1632.3 2277.7
1650.1 2256.2
1623.9 2226.8
1622 2226.1
1583.4 2333.3
1578.2 2169.3
1625.7 2150.2
1633.7 2134.5
1677 2105.3
1664.8 2122.8
1665.4 2123.7
1736.2 2138.5
1744.8 2199.2
1756.7 2213.9
1727.2 2182.1
1720.4 2149.2
1689.2 2159.4
1701.6 2156
1678.2 1936.1
1728.7 1920.7
1733.3 2029.5
1723.5 2013.8
1711.9 1903.1
1710.5 1887
1703.4 1913.5
1684.2 1952.1
1694.5 1883.5
1706.9 1831
1704.4 1752.2
1684.2 1753.6
1721.8 1830.4
1709.9 1815.8
1695.3 1822.8
1704.4 1830.1
1713.9 1785.4
1738.1 1792.9
1753.4 1852.6
1731.8 2021.8
1744.2 2069.4
1750.6 2154.1
1720.5 2057
1734.6 1971.8
1704.8 1983.8
1710.3 1971.3
1713.3 1901.6
1736.9 1934.5
1737.8 1963.4
1725.2 1954
1697.8 1933.4
1718.9 1902.5
1676.2 1929.9
1698.3 2019.2
1714.7 1948.2
1713.3 1911.9
1732 1889.9
1729.3 1918.3
1720.3 1912.9
1729.6 1922.5
1729.2 1905.3
1724.8 1888.4
1745.9 1888.2
1756.7 1921.9
1772.1 1930.9
1765.8 1868.3
1762.1 1824.9
1772.5 1874.2
1774.8 1911.6
1793 1945.4
1773.2 1909.2
1784 1906.1
1788.5 1930.8
1804.2 1930.1
1815.5 1916.8
1799.2 1941.7
1798.2 1972.9
1811 2019.4
1810.6 1964.1
1811.4 1988.5
1798.7 2003.6
1808.3 2050.2
1815.9 2087.9
1842.4 2166.7
1864.1 2207.5
1889.1 2218.3
1897.3 2272.6
1931 2348.2
1944.7 2344
1953.5 2239.7
1942.3 2114.9
1962.8 2135.3
1966 2129.7
2001.2 2161
2031.1 2207.6
2051.5 2251.8
2010.1 2172.6
2024.4 2265.2
1932.6 2171.6
1934.9 2164.8
1956.7 2213.4
1937 2140.4
1985 2230.4
1999.4 2225.2
1958.7 2176
1933.8 2183.8
1934.6 2177.2
1927.7 2162.6
1911.8 2169.3
1940.7 2188.2
1921.6 2159.2
1964.6 2197.8
1967.6 2245.4
1968.2 2277.2
1934.4 2242.9
1927.6 2297
1923.9 2318.6
1933 2281.2
1944.7 2294
1954.2 2307.4
1937.8 2313.1
1953.1 2306.7
1956.3 2396.3
1960.2 2399.9
1940 2317.6
1952.1 2364
1901.2 2266.1
1898.6 2216
1859.9 2244.7
1868.3 2213
1857.7 2207.7
1872.8 2258.5
1894.3 2320.1
1887.5 2321.3
1908.4 2319
1900.2 2315.8
1912.5 2369.2
1901.1 2382
1883.6 2372.9
1888.6 2393.8
1919.5 2454
1922.5 2416.4
1888.5 2335.1
1901.3 2357.1
1903.2 2357.9
1900.8 2333.1
1906.4 2348.3
1910.4 2408.5
1924.6 2419.8
1901.1 2388.6
1902 2391.4
1902.7 2361.9
1908.8 2347.3
1876.2 2244.3
1865.6 2191.4
1877.4 2210.3
1890.4 2214.3
1908.5 2292.4
1894.6 2302.3
1945.3 2378.3
1950.3 2495.2
1853.2 2494.6
1875.4 2467.2
1860.7 2312.9
1872.6 2338.4
1885.7 2326.3
1887.3 2342.2
1884.5 2323.6
1873.5 2351.3
1861.1 2317.4
1872.6 2321.2
1837.8 2351.8
1804.8 2350.1
1805.7 2341.6
1781.9 2424.4
1775.7 2392.8
1814.1 2417.3
1825.7 2397.4
1836.8 2302.1
1835.9 2345.8
1861.8 2339.9
1870.8 2316.7
1834.6 2280.3
1833.6 2325
1839.8 2322.1
1828.7 2307.9
1852.3 2314.2
1856.1 2338.7
1887.2 2338
1885.7 2360.9
1879.2 2304.4
1866.6 2311.1
1874.7 2326.3
1879.9 2333.1
1877.2 2339
1879.7 2331.5
1891 2373.1
1893.1 2448.5
1944.7 2385.9
1952.7 2488.1
1906.9 2442.8
1912.3 2426.3
1834.1 2359.7
1849.6 2373.5
1842.9 2370.9
1853.6 2391.8
1850.3 2418
1829.3 2389.8
1839.5 2359.7
1865.9 2397.9
1865.3 2369.8
1855.7 2359.9
1854.9 2341.6
1850.7 2319.7
1844.9 2305.2
1837.9 2321
1847.3 2207.1
1860.8 2240.4
1830.5 2226.4
1832.2 2275.3
1788.9 2279.4
1810.9 2325
1831.9 2335.4
1835.3 2319.3
1840.6 2351.2
1824.9 2345.7
1821.6 2381.3
1797.2 2386.9
1771.1 2368.4
1773.4 2347.5
1775.8 2367.9
1806.7 2390.8
1804.4 2333.8
1796.4 2420.8
1774.4 2407.3
1728.1 2310.1
1722.5 2344.6
1733.1 2365.2
1715.3 2350.9
1700.2 2339.1
1698 2325.7
1677.7 2310.5
1716.6 2288.8
1721.5 2289
1722.3 2337.5
1719.5 2356.6
1728.9 2369.6
1730.6 2487.8
1726.8 2533.8
1732.2 2658.3
1741.4 2626.6
1737.8 2595.9
1724.7 2612.6
1732.9 2635.3
1724.9 2610.7
1732.2 2670.4
1712.1 2525
1683.9 2566.6
1713.8 2617.5
1726.5 2653.4
1727 2652.3
1741.5 2687.8
1740.1 2618.7
1756.8 2623
1743.3 2630.7
1731.2 2666.6
1746.2 2691.6
1734.9 2674.1
1765.4 2734.1
1779 2769.4
1769.4 2808.3
1777.3 2752.1
1792.3 2870.3
1781.2 2837.6
1777 2851.7
1779.2 2904
1778 2947.3
1773.2 2924.9
1768.1 2952.6
1767.3 2957.7
1791.4 2985.4
1775.8 2981.6
1784.1 2976.8
1815.5 2951.4
1831.1 2929.1
1837.5 2972.1
1835.9 2923.2
1822.6 2846
1823.8 2861.6
1837.9 2891.6
1867.5 2892.9
1867.8 2903.4
1881.3 2885.1
1881.8 2870.5
1876.7 2775.3
1884.6 2730.1
1898.1 2777.5
1901.3 2748.5
1895.7 2802.3
1902.5 2824.2
1902.9 2856.7
1907.5 2862
1871.2 2822.7
1889.8 2837.9
1896.8 2833.4
1892.2 2802.6
1893.2 2770
1894.2 2774.7
1877.4 2777.7
1864 2753.6
1854.5 2761.8
1859.5 2834
1773.8 2509.6
1767.9 2465.7
1781.8 2553.2
1776.3 2554.7
1782.3 2626.3
1775.6 2639.8
1776.6 2633.3
1779.6 2695.9
1762.8 2679.4
1770.8 2777.4
1775.9 2767.1
1782.6 2790.7
1793.5 2794.3
1801.5 2846.5
1799.6 2808.4
1810 2810.2
1805.5 2857.5
1809.4 2830.7
1824.3 2824.5
1828.4 2727.5
1814.5 2635.5
1808.7 2590.9
1810.9 2638.6
1802.9 2653.1
1805 2702.8
1801.4 2660.6
1798.7 2676.3
1799.5 2604.9
1799.5 2620.8
1831.2 2642.7
1812.6 2655.8
1818.1 2683.7
1810.1 2644.9
1810.5 2651.3
1805.1 2654.7
1760 2629.7
1723.4 2601.7
1728.8 2649.6
1750.4 2632.4
1749 2623.5
1775.2 2656.1
1786.9 2597.6
1785 2493.8
1781.6 2421.5
1780.2 2296.1
1781 2274.7
1803.2 2383.3
1805.6 2440.7
1788.2 2428.9
1792.2 2386.5
1816.6 2402.2
1809 2476.1
1815 2468.3
1813.1 2438.4
1808.7 2397.4
1830.9 2414.4
1795.9 2351.2
1790.7 2235.5
1797.4 2139.8
1789.6 2123
1792 2076.6
1804.7 1972.6
1792.4 1990.2
1754.6 2018.9
1749.4 1981.2
1761.8 1865.2
1776 1894.5
1776.7 2036.2
1747.7 1971.8
1749.7 1951.1
1750 1947.7
1735.8 1854.2
1721.5 1833.1
1755.3 1902.6
1757 1906.5
1766.2 1877.8
1759.6 1902.2
1760.5 1870.6
1757.9 1957.8
1756.3 2075.8
1754.6 2122.3
1758.3 2050.6
1793.7 2108.9
1796.7 2153.7
1767.2 2079.4
1764.8 2015.9
1769.7 2103.7
1784.1 2085.2
1781.2 2020.9
1795.5 2038.4
1806 2051
1792.7 2007.6
1797.9 1977.1
1801.6 1995.2
1783 1986.1
1795.1 2058.1
1788.7 2013.2
1763.6 1984.1
1793 1993.3
1816.4 2024.5
1827.4 2074.6
1830.2 2019
1847.6 2035.8
1863.2 2059.5
1867.9 2114.6
1866.1 2153
1853.6 2164.5
1869.7 2181.4
1861 2134.3
1851.2 2070.1
1806 1947.5
1783.5 1847.2
1784.1 1844.8
1785.3 1786
1782.3 1784.2
1773.6 1703.1
1781.6 1751.1
1760.7 1769.9
1782 1811.1
1777.5 1844.2
1782.6 1845.5
1783.4 1851
1774.6 1811.8
1782.9 1748.1
1786.3 1672.4
1770.4 1620.5
1762.6 1549.4
1796.6 1720.6
1803.8 1782.6
1793.7 1743.7
1787.9 1790.9
1801.6 1887.1
1811.2 1954.7
1808.1 1944.3
1810.2 1998.4
1805.1 1984.8
1812.7 1979.2
1827.5 1908.1
1799.4 1822
1814 1855.7
1824.6 1898.6
1788.7 1869.9
1797 1917.6
1798.4 1905.2
1818.6 1918.1
1827.2 1911.8
1821.2 1886
1816.5 1874.2
1812.3 1900.6
1843.1 2004.4
1842.5 2069.7
1831.8 2100.3
1841.7 2137
1852.7 2184.9
1829.9 2346.6
1793.3 2362.5
1784.9 2368.7
1795 2349.2
1800.3 2343.2
1809.2 2366.2
1803 2314.4
1806.6 2287.4
1820.6 2256.8
1826.6 2260.9
1835.2 2281.6
1836.2 2261.8
1840.8 2190.1
1868 2342.5
1854.8 2248
1870.2 2268.3
1900.7 2356.6
1898.6 2335.4
1906.1 2369.3
1909.2 2438.1
1925.1 2498.6
1886.5 2360.7
1899.4 2500.5
1942.4 2532.5
1920.9 2662.6
1934.4 2728.8
1965.1 2979.9
1993.9 2899.9
2040.1 2966.5
1985.9 2944.8
1998.1 2917
1982.7 2792.9
1959.6 2412.2
1928.5 2407.4
1908 2363.4
1942.1 2488.1
1928.2 2489.1
1928.6 2533.4
1920.7 2472.6
1936.6 2515.4
1961.6 2526.7
1953.8 2390.4
1939.6 2238.5
1912 2108.8
1933.5 2243
1949.2 2255.5
1919.1 2267.4
1929.2 2274.9
1922.9 2235.2
1918.4 2184.6
1933.8 2223
1941.6 2420
1944.3 2416.4
1972.1 2353.7
1981 2338.8
1970.9 2354.3
1982.9 2444
1955.7 2379.3
1952.3 2458.8
1944.9 2416.9
1931 2373
1893.2 2116.4
1901.4 2172.9
1885.9 2190.4
1888.7 2208.6
1909.3 2302.8
1861.8 2213.3
1868.8 2235.6
1867 2233.3
1874 2175.3
1881.2 2021.2
1857.1 2059.8
1839.9 2042
1852.6 2008.1
1823.8 1861
1807.4 1918.1
1813.5 2003
1818.2 2031.2
1815.9 1991.6
1841.2 1977.8
1841.8 1939.2
1847.8 1965.9
1865.1 1985.9
1846.2 1988.6
1847.4 1992.8
1851.3 2044.7
1842.7 1994.8
1843.3 1991.8
1866.5 2036.5
1845.4 1975.4
1839.2 1985.7
1847.5 1955.7
1851.9 1928.6
1848.8 1906.2
1871.5 1897.7
1828 1769.2
1809.5 1772.3
1815.3 1826
1845.7 1857.7
1835.6 1789.8
1834.6 1853.8
1834.3 1829
1825.7 1815.2
1826.5 1845.4
1820.9 1850.6
1817.5 1853.4
1813.7 1939.6
1804.1 1908.7
1798.9 1930.8
1761.8 1911.7
1734.9 1889.2
1737.9 1987.4
1740.6 2151.2
1730 2166.2
1723.3 2010.2
1734.2 1966
1704.5 1892.7
1702.4 1824
1709.2 1843.7
1710 1848.8
1699.5 1856
1712.7 1871.1
1727.1 2013.2
1719 1997.7
1717.7 2005.8
1719.1 1999
1750.3 2079.4
1762.9 2128.9
1769 2198.6
1771.1 2086.7
1758 2004.4
1788.5 2075.3
1772.9 2126.3
1786.8 2239.3
1794 2216.6
1795.6 2243.7
1789.7 2285.8
1798.6 2216.8
1781.4 2155.9
1773.2 2146.6
1760.3 2134.3
1755.3 2147
1747.6 2129
1734 1980.3
1746.8 1971.4
1747.8 2024.1
1757.7 2138.3
1736.1 2120.4
1736.6 2123.3
1723.2 2079.6
1712.8 2066.6
1696.6 1982.8
1709.8 2012.3
1700.4 1956.4
1715.3 2007.9
1708 2132
1716.2 2162.7
1728.1 2259.2
1705 2095.7
1696.5 2158.3
1665.4 2131.3
1671.7 2098.1
1666.2 2203.9
1659.7 2156.1
1664.6 2109
1670.8 2160.5
1645.3 2056.5
1623.3 2035.5
1626.7 2076.9
1660.4 2150.6
1658.5 2202.1
1662.4 2173.2
1692.9 2223.2
1721.1 2321.2
1711.4 2246.9
1711.7 2266.5
1700.5 2182.3
1667.3 2158.1
1678.7 2140.6
1670.3 2126.6
1670 2107.4
1641.7 1987.5
1657 1990.1
1649 2004.1
1627.5 1985.7
1630.8 2069.8
1651 1995.7
1648.7 1958
1652.8 1909
1664 1950.7
1660.7 1928.4
1639.6 1894.6
1635.9 1829.1
1645 1874.4
1645.7 1847.5
1627.3 1795.5
1672.5 1836.9
1676.5 1894.9
1712.1 1930
1710.1 1856.6
1750.3 1951.6
1766 2023.9
1773.6 2036.9
1773.8 2075.7
1773 2078.7
1760.8 2007.4
1751.9 1936.3
1737.4 1850.4
1738.3 1854.9
1744.9 1873.3
1753.3 1818.9
1740.1 1834.5
1748.4 1816.5
1746 1845
1801.1 1924.6
1795.9 1879.4
1767.4 1839.6
1769.3 1829.1
1785.5 1831.9
1788.7 1908.4
1798.1 1946.4
1780.5 1861.7
1813.9 1914.3
1807.5 1899.7
1777.2 1791.2
1790 1684.2
1787.7 1642.5
1815.9 1711.1
1815.9 1644.4
1787 1650
1795.9 1710.2
1814.8 1804.5
1807.9 1763.2
1819.5 1807.9
1819.7 1789.3
1839.7 1684.2
1852.8 1788
1834.8 1724
1864.2 1798
1872.7 1766.7
1871.6 1768.3
1874.6 1771.3
1895.5 1781.1
1918.4 1777.5
1907.2 1724.2
1904.4 1696.2
1922.1 1759
1926.4 1713.7
1927.1 1692.9
1933.9 1727
1941.2 1679.4
1929.1 1655.3
1928.6 1591.2
1922.9 1622
1929.5 1644.5
1927.8 1628.8
1916.3 1638.8
1862.9 1614.6
1866.2 1575.6
1871.7 1638.6
1877.4 1632.9
1866.2 1613.7
1862.8 1521.9
1851.9 1533.5
1854 1463.2
1834.2 1441.5
1842 1522.7
1840.4 1489.5
1833 1517.7
1832 1479.2
1818 1425.6
1808.8 1374.3
1817 1410.5
1828.9 1404.4
1837.7 1421.7
1833.5 1428.9
1847.7 1431.2
1847.9 1407.4
1813.9 1353.7
1812.7 1346.4
1829.3 1359.4
1862 1348.1
1911.7 1461.7
1906.2 1503.5
1926.6 1430.6
1919 1395.8
1969.8 1372.2
1979.2 1386.5
1938 1369.3
1946.8 1433.3
1993.8 1421.4
1982.1 1403.3
1952.4 1392.9
1972.4 1403.5
1966.1 1425.9
1980.3 1464.6
1969 1466
1983.9 1456
2022.2 1452.4
2020.9 1422
2011.9 1459.1
1989.1 1404.3
2004.8 1440.3
2010.9 1452.6
2041.3 1492.3
2002.2 1493
1994.2 1557.2
2007.4 1639.6
1995.2 1615.5
2007.6 1585.4
1979.5 1604.1
1989.1 1531.1
1994 1477.6
1985.7 1505.1
1989.9 1500.4
1990.1 1517.9
1983.4 1454.8
2014.3 1429
2028.6 1424.8
2048 1449.6
2017.4 1494.8
2026.3 1571.4
2036.2 1587.7
2030.5 1613.1
2014.7 1562
2014.5 1521.8
2018 1538.3
1988.4 1507.6
1980.7 1492.9
1956.5 1458.2
1978.7 1531.8
1974.8 1500.2
1972.4 1454.7
1962.8 1406.1
1943.1 1423.6
1944.1 1431.5
1958 1378.6
1963.9 1340.9
1978 1375.9
1952.4 1386.8
1958 1395.5
1965.5 1396.6
1942.7 1372.7
1963.6 1343.1
1962.2 1289.6
1955.3 1325.9
1944.6 1344.1
1955.3 1387.9
1957.8 1383
1958.4 1401.8
1935.5 1363.2
1933.3 1335.5
1912.7 1261.7
1919.1 1268.1
1923.7 1291.8
1914 1283.2
1912.3 1236
1909.2 1218.8
1921.1 1213.4
1921.7 1218.4
1919.6 1249.3
1908.7 1230.8
1926.2 1236.5
1925 1228.1
1931.3 1239.3
1956.2 1271.2
1959.2 1283.2
1960.1 1257.8
1952.4 1276.2
1977.2 1311.6
1977.5 1302.5
1968.3 1270.4
1964.3 1281.6
1960.3 1263.9
1962.1 1276.3
1968.9 1251
1945.4 1231.7
1960.4 1228.7
1970.5 1264.7
1940.7 1226.2
1937.4 1230.9
1932 1246.5
1939.6 1253.7
1933.5 1225.3
1924.1 1207.2
1915.4 1220.6
1914.4 1294.6
1912.9 1298.2
1910.6 1262
1902.5 1227.7
1896.1 1201.5
1884.1 1209.6
1886.1 1249.1
1893.3 1228.2
1896.4 1253.9
1918.5 1270.5
1918.2 1233.7
1911.1 1218.2
1917.9 1245.4
1936.5 1232.8
1944.3 1216.9
1938.2 1207.8
1939.8 1217.2
1926.2 1204
1918.1 1200.4
1917.5 1205.9
1918.4 1183.2
1923.3 1210.1
1911.3 1236.2
1909.1 1252.2
1910 1246.9
1923.7 1243.8
1931.5 1236.7
1932 1257.1
1945.6 1271.6
1919.2 1260
1925.4 1245.2
1916.6 1223.3
1900.4 1217
1871.6 1215
1860.4 1277.9
1848.1 1255.2
1830 1205.1
1824.6 1193.4
1818.5 1172.7
1816.6 1145.8
1830.2 1164.2
1849.5 1135.4
1861 1162.4
1872.8 1173.9
1869.3 1139.3
1927.4 1148.7
1921.1 1138.8
1922.7 1149.9
1955.3 1126.5
1968.4 1121.7
1982.5 1104
1976.3 1132
1975 1130.7
1984.1 1127
1987.2 1146
1988.6 1124.2
1996.2 1134.4
1985.2 1122.2
1978.8 1110.3
1985.6 1106.7
1991.5 1124.4
1981.6 1110.4
1966.8 1058.9
1951.5 1056.5
1964.2 1005.2
1932.6 974.9
1945.5 978.4
1961.8 1022.7
1960.1 1036.4
1983.9 1047.2
1981.6 1056.5
1977.7 1089.9
1999.3 1093.1
1991.4 1054.2
2002.2 1072.8
2011.8 1060.5
2039.7 1057.4
2047.1 1026.6
2038.1 1009.1
2071 1000
2024.1 968.3
2018.5 930.2
2030.5 941.1
2029.9 970.6
1998.3 941.4
1978 955
1977.8 972.5
1982.3 959.5
2030.2 1111.7
2021.1 1198.1
2026.3 1195.1
2038.4 1229.8
2034.5 1215.4
2039.1 1216.7
2057.1 1212.2
2058.2 1177.9
2081.9 1144.8
2073.9 1133.8
2062.4 1104
2064.4 1079.1
2034.2 1065.9
2042.3 1033
2042.4 1032.3
2026.6 993.9
2026.4 972
2021.7 990.4
2014.3 974.3
2046.7 972.4
2026 931.4
2002.6 913.2
2018.6 936.9
2026.5 941.8
2019.8 934
2023.7 939.1
2013.9 967.3
2016.9 936.4
2016.8 955.1
2025.2 974.3
2031.5 975.8
2048.4 992.9
2053 967.7
2036.1 945.7
2025.7 952.8
2034.5 948
2035.2 896.9
2032.2 888.6
2023.3 865.9
2018.2 893.5
1992.9 857.4
1990.3 930.8
2002.1 948.7
2011.5 948.7
2027.5 979.3
2022.3 946.1
2019.7 966.9
2038.6 985.2
2028.5 953.7
2034 939.1
2033 918
2045.7 933.5
2086.9 952.8
2117.7 964.9
2133.5 938.6
2150.3 1037.9
2158 1031
2178.6 1016
2182.5 1032.6
2160.4 1041.1
2175.4 1062.8
2163 1071.8
2157.3 1083.5
2160.7 1035.6
2156.3 993.9
2157.9 994.7
2182.4 1013.4
2158.1 992.8
2174.8 1007.8
2175.6 992.7
2190.6 979
2217.4 1009.5
2236.5 992
2261 992.3
2294.4 1009.7
2288.8 1029.3
2325.7 995.4
2331.7 1038.5
2343.5 1074.1
2329.6 1051.7
2354.8 1038.9
2356.2 1057.7
2365.8 1042.1
2390.8 1029.4
2371.7 1029
2382.3 1037.6
2398.4 1025.5
2332.2 1014.7
2327.7 1025.9
2324.5 1007.4
2329.8 981.1
2334.8 957.4
2345.4 976.7
2291.4 951.9
2299.9 947.7
2299.2 938.2
2299 947.5
2321.6 982.3
2315.2 978.8
2313.6 955.4
2332.1 970.4
2367.3 980.8
2336.1 964.9
2353.4 981.5
2388.7 1014.1
2380 997.5
2412.2 1009.9
2433.9 1030.7
2421.7 1029.4
2389.2 1002.9
2335 973.3
2332.5 969.1
2355.2 976.7
2340.3 963.1
2342.9 944.3
2322.9 899.2
2346.6 913
2325.5 910.3
2354.1 924.5
2370.3 923.8
2305.2 909.5
2307.7 896.4
2307.5 876.9
2336 899.8
2300.2 877.4
2331.4 890.6
2312.4 883.6
2330.4 880.9
2353.8 905.4
2316.4 918.1
2330 976.1
2316.6 933.7
2299.2 922.7
2324.5 927.6
2327.7 977.9
2327.6 972.4
2323 1020.2
2359.8 1034.2
2388.5 1035.8
2355.2 1011.5
2360.1 982.5
2372.2 987.6
2415 993.4
2414 969.1
2422.9 946.7
2462.4 953
2454.8 950.5
2451.8 926.3
2395.5 899.1
2392 889.2
2404.6 909.1
2413.3 922
2351.9 894
2380 884.9
2377.3 885.8
2405 878
2426.5 922.6
2435 891.8
2425.7 879.2
2401.7 822.8
2389.1 857.1
2390.5 883.8
2422.2 905.9
2432.1 893.5
2462.4 896.5
2466.7 921.6
2439.4 919.8
2453.1 935.6
2498.6 941.7
2501.8 918.7
2511.3 913.9
2508.4 940.6
2478.9 920
2508.4 942.5
2517.7 960.2
2516 958.5
2501 933.9
2525.7 972.5
2493.8 961.1
2489.9 931.1
2493.4 927.2
2511.4 934.7
2493.5 896.3
2501.8 936.8
2512.3 960
2512.1 1010.2
2551.2 1053.8
2581.3 1076
2580.4 1084.4
2564.3 1104.7
2570.7 1068.3
2588 1100.4
2619.9 1079.9
2626.5 1046.9
2651.2 1061.9
2659.2 1033.3
2669.9 1044.3
2644.3 1014
2636.1 998.9
2667.3 993.6
2647.1 1016.4
2657.1 997.3
2645.8 995.2
2644.8 1023
2615 1003.6
2606 1036.9
2620.6 1065.4
2657.6 1061.8
2647.8 1023.1
2661.4 1004.2
2674 1019
2691 1038.3
2713.7 1077.7
2723.1 1048.4
2744.2 1074.2
2714.4 1057.5
2734.9 1161
2740.9 1199.7
2742.9 1222
2768.4 1227
2788.5 1149
2738.3 1106.5
2738.6 1103.8
2736.1 1066.4
2740.3 1076.9
2667.6 1036.1
2698.4 1017.4
2687.5 988.9
2611.2 979.4
2600 938.3
2580.8 929.5
2568.2 923.4
2565.7 941.3
2610.6 1006.2
2627.1 1035.3
2648.2 1023.9
2672.1 1042.6
2709.9 1017
2616.8 979.8
2620.3 987.2
2639.9 982.8
2657 990.2
2634.9 991.9
2644.7 983.7
2653.8 988.8
2626.6 970.1
2638.6 960.3
2664.9 988.6
2697.6 974.6
2733.8 1002.7
2687.5 983
2656 953.1
2651.4 944.8
2644.4 932.6
2636.5 919.6
2592.2 897.1
2628.7 906.6
2612.3 915.3
2620 938.3
2638.8 906.4
2617.2 893.6
2606.1 894.2
2629.2 902.9
2658.9 905.2
2645 915.6
2638.4 909.6
2656.7 921.3
2664.5 921.5
2683.8 923.9
2708.5 961.7
2673.5 934.8
2677.5 940.7
2712.5 965.5
2746.4 950.3
2744.3 960.5
2755 972.5
2767.6 998.4
2763.1 1010.2
2777.3 1001.2
2737.5 963.6
2766.8 954.6
2769.1 966.6
2823 1004.6
2812.5 1066.9
2833.9 1039.2
2853.3 1009.7
2871.6 1014.4
2856 989.3
2867.3 977.8
2914.3 998.7
2912.5 987.6
2909 982.6
2925.9 1015.3
2883.6 1005
2931.6 1008.7
2919.4 987.3
2940 1004.9
2937.6 988.1
2947.9 940.6
2904.5 920.5
2916.8 920.5
2883.2 901.3
2836.8 899.7
2890.2 951.2
2909.6 946.3
2915.3 939.4
2916.6 942
2904.7 945.8
2891 939.8
2912.9 938.2
2939.1 943.2
2984.3 953
2994.5 962.3
3000 963.6
3035.1 966.2
3035.9 949.2
3040 939.1
3018.2 951.2
3013.1 947.7
3023.7 953.8
3020.9 962.5
3060.2 973.8
3086.5 974.3
3122.8 991.2
3163.8 999
