271.4 252.25
271.9 256.5
269 248
270.3 247
271.8 247.5
274.1 255
273.9 254.25
278.4 253
275.6 259.75
273.6 258
273.1 270.5
271.6 269
270.3 266.75
270.6 265.25
269.3 266.5
270.1 267.5
272.4 267
270.5 273.5
276.4 277.25
272.4 272.75
271.5 266
271.1 271.5
270.3 266.75
270.1 264.75
270.1 260
266.2 256.5
264.9 255.5
264.4 256.25
264.3 260.5
264.4 256.75
264.5 265.5
264.3 261.5
265 263.25
265.8 266.25
264.3 257
264.9 258
265.1 255.5
265.8 253
265.7 256.25
266.3 257.75
265.7 255.75
266.3 257.5
270.1 261
269.8 256.5
266.4 256.25
270.1 252.5
268.7 256.25
270.7 260.5
269.7 266.75
273.7 271.75
275.2 274
271.7 272
272 272.75
268.4 277.25
263.3 287
263.2 283
264.2 284.25
264.3 285.5
266.4 286
266.1 285.25
264.3 286.5
264.5 285
262.8 278.75
262.8 274.75
265.5 271
265.6 271
268.5 273
267.1 269.25
265.2 271.5
263.3 267.5
262.8 267
260.1 267.5
259.9 267.25
260.7 266
259.4 265
255.1 268.5
258.2 269
256.1 267
258.2 267
258.5 263
265.8 259.75
267.4 260
266.8 257.5
265.2 267.75
262.1 266.75
261.4 272.25
270.8 268
271.6 277
260 284
258.1 273
259.8 271.25
260.5 268.75
261.9 269.75
261.1 267.5
261.5 261.5
261.9 264.5
261 269.25
259.7 269
258.8 265
255.6 260.5
258.4 263.25
258.1 267.5
260 266.75
258.3 264
257.3 261.75
258.7 257
260.1 263
263.3 270.5
261.1 269.5
261.3 265.75
265.3 269.5
264.8 267.75
263.7 268
264.1 264.75
262.4 265
264.4 270.25
263.9 268.75
264 265.75
264.4 275.5
265.4 271
266.3 268.25
266.1 263
266.1 263
270 257.75
269.1 256.5
268.3 260
268.1 279.5
272 277
273.6 275
287.4 275.5
285.4 269.75
285.1 263
283.6 262
279.1 261.75
277.9 262.5
273.8 260.5
265.7 267.5
265.3 264.75
266.4 269
264.9 269.5
265.7 263.5
265.7 259.5
266 262.75
273.4 265
271.5 260.5
272 264.5
275.3 259.25
271.2 258.25
272.4 256.5
273.4 264
272.4 262
272.6 255
272.3 254.75
273.7 251
276.2 248
272.1 249
269.3 249
270.6 244.75
269.4 246.25
267.6 250
265.1 253.5
265.9 257
266.5 257.75
266.2 258.25
268.3 262
266.6 265
267.1 287.75
266.9 283
268.1 290
270.4 285.75
269.4 291
269.9 289
268.8 281
269.7 288
267.7 284.75
266.2 283.5
267.4 281.5
264.6 279.5
266.2 275
267.4 279.25
267.4 276.5
267.9 270.25
267.1 265
267.2 267.5
267.9 269.5
273.4 270
273.9 271.5
276.3 270
275.7 269
275.2 267
279.3 268
276.1 264
275 267
274.9 268.5
275.3 271.25
272.5 276
272.6 272.75
272.3 275.25
273.7 270
275.4 274.25
271.6 277
272 276.5
273 274.75
271.6 271
288.1 276.5
291.5 268
289 261.5
291.9 266.5
290.5 267.25
293.3 270.75
291.7 276
292.4 275
292.2 270.5
289.9 266
290.5 263.75
290.5 270.5
291.4 272.5
292.4 275
288.9 272.75
285.7 274.75
281.8 279.25
284.9 278.25
282.1 274.5
283.4 277.25
279.2 286
280.1 285.5
275.5 287.5
276.1 281.5
275.9 286.25
277.9 290.75
279.1 293.5
280.6 296.75
279.5 295.25
279.7 292.25
279.8 289
278.5 283
279.7 284
281 287
276.8 287.75
277.4 283.5
278.3 285.5
277.8 281
277.8 277.5
275.1 282
274.7 280
272.7 289.25
273 289.25
272.9 287
272.3 289.5
273.2 278
274.1 279.5
273.5 274.5
273.9 278
276.9 283
275.4 281
273.7 277.5
273.9 273
272.2 276.75
272.2 276
278 275
277.7 286.75
280.4 287.5
275.5 285.25
276 293.25
278 287.75
277.4 288.5
276.5 292.5
278.7 291
278.9 292
278.2 292.25
278.9 301
278.6 308
278.9 304.5
283.4 306
287.1 302
287.4 303.5
285.4 308.25
284.4 305.75
287.3 299.5
284.4 303.5
283.1 301
281.5 296.75
278.6 295.25
278.1 296.75
278.8 299.5
278.3 298.5
296.6 285.5
302.2 288
302.6 294.5
303.2 285.25
305.9 286
302.6 284.5
301.1 284.5
300.1 278.75
300.5 276
298.8 273.75
301.7 270.25
302.2 271.25
302.1 272.5
300 271.75
298.8 275
302.1 275.75
304.5 268.25
302.3 267
303 264.75
304 264.5
304.3 263.5
308.1 261
311.6 257.75
311.2 256
308.9 261.75
309.1 266.25
308.3 258.5
312.2 260.25
311.2 263
311.6 267
308.2 264
309.5 266.75
311 265
310.6 273.5
307.3 273
308.7 283.5
309.8 276.5
310.6 273.75
315.7 276.75
315.8 273
318 269
322.5 271.5
320.4 271
323.9 272
325.4 276.25
325.5 276.5
326.5 282.25
326.7 286.75
327.8 282
321.2 283.25
324.9 280.5
324.6 275
318.7 278.25
319.7 279.5
320.3 283.5
317.7 295.5
319.1 294.25
317.4 289.25
319.2 289.25
319.8 291.5
323.2 291.25
324.6 287.25
324.3 291.75
320.2 291
320.5 293
319.2 306.5
313.5 307
314 315.5
312.8 316
310.9 316
312.1 314.5
316.1 313
314.7 319.5
317.2 326
315.6 315.25
319.6 323.75
317.2 334
317.4 335
317 333.25
323.9 330.75
323.6 339.75
312.7 332.75
311.5 336
309.8 335
303.4 335
302.5 326.5
303.7 326
303.2 334
304 334.75
307 337
307.8 338
305.5 341.75
314.3 346.25
310.4 338.5
314.2 344.5
314.1 351.75
314.2 356.75
311.8 357
314.3 350.5
313.7 347.75
306 349.25
308.7 338.75
307.6 338.25
306.6 340.25
306.7 347.75
309.4 353.5
312.3 352.5
309.4 355.25
312.9 355.25
312.4 362.25
313.4 367
314.9 379
318.2 386.5
319.9 403.5
321.3 415
317.9 414
316.6 416
318.9 409
316.6 395
317.1 400.75
317 405.25
320.6 413
322.6 395.5
321.9 400
323 389.5
325.9 403.5
322.2 391
320.3 402.25
319.7 402.5
323.9 396.5
320.9 396.5
321.5 383.5
321.1 374.75
322.1 376.25
321.9 381.75
318.2 381.75
319.6 372.25
316.5 365.75
316.3 365.5
317.8 363.25
312.6 393.25
314 408.25
311.6 406
312.7 413
310.9 408.75
313 403.75
312 396.5
310.7 411.75
313.4 410.5
315.2 415.5
317.7 415.75
316.5 406.75
318 402.25
318.8 413.5
318.3 408.25
318.2 400.75
317.5 394.5
320.5 397
321.3 382.5
321.2 383.5
324.5 374.5
318.7 381
317.9 391.25
320.7 389.75
319.2 382.25
318.6 385
317.4 374.5
317.4 374.25
320.7 373.75
317.8 382.25
317.7 374.5
316.8 380.5
317.6 372
320.2 356.5
322.2 356.75
324.8 347
326.3 349.25
325.8 348
323.5 339.5
324.8 347.5
331.4 345.5
333.2 344.5
337 355
337.4 361.5
342.1 356
345.9 350.25
340.5 342.75
345.1 345.75
346.8 345.75
348.9 338.25
349.2 333
343.4 329
347.6 325
346.1 328.75
351.2 330.5
351.7 331.5
347.3 327.75
353.9 337
353.3 329
354.5 319.25
354.7 311.25
352 314.25
350.7 312.75
357.7 311
356.6 316.75
357.3 319.25
359.7 314.5
364.5 311.75
368.2 318.5
369.4 310.5
370 317
366.3 313
368.6 315
368.3 320.5
370.8 323.5
379 324
376.4 324
370.1 327
369.9 331
363.7 334.75
362.5 330
352.6 325.5
357.4 326.5
351.9 334.25
344.2 335.5
349.9 327.75
353.1 332
351.8 328.5
356.3 321.5
352.3 320.5
354 319.75
346.1 309
350.2 312.5
349.2 318.25
353.2 326.5
353.1 321.5
350.8 313
354.7 311.75
350.5 311.75
346.5 306.5
335.9 310.5
336.5 311
337.1 292.75
337.6 296
336.1 294.75
332.9 294.75
326 286
329.5 281
328.4 281
330.3 284.25
328.7 283.5
328.7 279.25
335.9 286.75
334.3 283
329.6 287.5
324.9 281.5
325.3 285
321.5 290.25
322.2 283.5
325.6 287
326.7 285.5
327.9 284.25
324.2 280.75
324.9 286
325.8 281.75
327.2 286
333.5 290.25
334.4 288.25
331.5 294.25
334.8 292.75
333.4 292.5
334.5 285.25
333.7 280
339.1 279.5
342.1 275.5
341 277.5
342.3 282.25
342.5 287
341.9 296
348.4 293.5
348.6 317
351.6 326
350 326
352.3 326
352.6 338.75
354.7 338.5
364.2 328.5
366.3 335
372 332.25
368.1 325.5
368.8 322.75
367.8 327.5
365.2 319
369.6 324
364.5 324.25
366 318.75
365.2 319.5
362.6 313.5
368.6 320.5
363.7 320.5
361.8 327.25
352.2 333.75
355.5 330.5
353.3 337
356.6 317.75
359 316
363.2 316.75
357.2 316.5
361.3 315.75
356.3 311.75
353 307
346.3 302.25
349.3 301
343.9 298.5
345.2 295.25
346 301.75
351.4 306.25
351.3 306.5
351 303.25
348.1 298.25
344.1 300
343.6 310
344.3 309.75
344.8 314.5
347.7 315.5
342.1 315.25
343.1 320.75
344.2 327.5
347.2 335.5
350.9 334.5
350.6 333.25
358.6 346.25
362.2 343.5
362.7 342.5
364.8 349.5
361.7 347.25
356.2 339.25
354 348.5
346.1 351
349.2 354
349.6 349.75
350.8 358.5
352.5 357.25
356.3 357.5
361.7 358.5
358.5 361.75
362.1 365
366 368.25
363.2 378.5
358.4 383.5
361.6 369.25
365.6 366
360.6 363
363.1 362.75
361.3 358.25
365.8 361
373.5 360.75
370.5 358.75
375.7 367.5
373.2 363.25
373.9 358.5
372.9 354
377.6 345
375.1 348.5
381.7 347
380 345
379.7 340
375.8 338.5
374.5 356.25
373.5 353.5
376.2 349.5
376.6 340.75
381.8 347.25
387.2 345.5
385.9 344.75
387.5 353
385 360.5
380.8 359.5
382.4 355.25
385.4 360.25
384.3 364.25
383.1 359
369.4 352.25
372.7 341
377.2 332.5
375.4 327.75
369.2 327.25
373.6 326.75
375.2 334
375.7 325.5
372.6 334.5
372.7 336.25
371.8 328.25
374 333.75
381.7 340.5
386.5 354.5
384.7 369.5
388.9 369.25
387.9 367.25
383.2 377.25
410.4 393.25
409.2 394.25
410.6 385.5
411 370.5
412.3 363
414.8 364
416.9 396.25
415.7 377
424.4 398.5
422.8 394.5
421.9 395.5
424 394
426.4 385.5
426.3 399.25
423.7 392
421.7 395.25
408.4 386.25
406.7 398
412.7 395.5
411.1 392
410 387
407.9 381.5
406.6 381.25
410 380
414.5 374.75
398.5 380.25
402.2 389
398.7 385
399.2 380.5
401 376
398.1 381
403.6 378.5
406.8 382.25
406.4 384.5
410.2 388.5
413.7 386.75
410.3 380.25
416 375.25
412.3 364.5
409.8 372.75
397.5 371.5
399 391
404.5 392.5
395.8 387.25
395.8 387.5
396.4 380.75
399.3 375
393.5 374
392.4 369.5
392.9 370.75
401.3 366.5
400.6 360.25
404.2 363
400 359
400.7 355
395.3 357
399.4 373
402.4 372
406.9 391.5
411.1 398
412.5 392.75
417.4 422.75
419.8 413
417.2 412
416.7 408
422.1 405.25
417.1 405.75
421.7 415.25
427.3 408
427.8 410.5
421.6 416.25
415.4 414
418.9 416.5
422.8 415
419.9 414.5
420.1 407.5
407 393
399.8 401.25
397.7 383
401 388.5
400.6 394
397.7 397
390.8 385
393.3 379
395.1 373
396 374
398.6 378.25
405.4 337
404.2 333.25
406.6 333.25
405.6 335.5
401.9 331.25
397.1 324
395.2 322.75
390.5 328.75
390.3 323.75
387 321.25
389 314.75
387 312.75
391 312.25
391.7 317
394 317
392.2 318.5
392.3 321.5
399.8 315.75
400.7 316
400 312
395.5 304.75
394.3 299.5
398.9 299.5
402.9 302.75
404.4 308.75
404.3 301.75
407.1 309.5
413.2 312
410.5 321
403 311.5
407.9 306
407.4 305.75
403.3 301.5
407.8 303.25
410.4 309.75
408.8 317.5
406 311.25
400.5 308
397.4 305.75
399.4 309.25
398.5 311.5
401.9 323
404.1 328.5
405.7 327.25
405 337.25
404.7 338.25
405.8 333.25
405.3 328.75
408.3 334.75
407.2 325.75
410.9 325.25
408.1 321.75
409.1 320.5
412.5 315.75
413 319.75
418.7 306.75
419.5 303.75
414 302.5
418.2 306.25
418.4 302
418 302.75
423.1 303.25
422 303
415.1 311
413.2 312
418.1 314
418.7 319.25
416.2 314.75
420.3 319.25
423.5 313.5
424.4 311.75
424.6 308.5
429 316
426.8 315.5
424.8 319.25
425.1 322.25
428.5 316.5
427.3 306.25
420 302.25
424.6 300.25
430.1 303
433.6 306.5
432.7 308.75
435.7 304.5
434 303.5
434.9 302.75
437.9 302.75
437 306.25
440.2 310.75
444.8 318.5
442.6 316.25
446.8 309.75
448.8 302
447.8 300.5
449.3 299.25
453.7 287
451.3 289.75
454 286
450.4 283.5
456 291
454.2 293
452 287
437.2 287.25
435.8 290
433.9 284
438.9 286.75
435.9 285
440.8 302.5
436.9 297.5
441.6 304.25
442.4 306
441.8 305.5
440.3 307
441.9 309.5
445.2 305
444.3 305
436 303.5
437.5 307.5
428.7 302.25
428.5 296
426.6 299.75
421 308.25
418.9 309.75
419.1 307.75
421.9 306.5
426.1 307.25
424.5 307.5
422.7 297.5
423.2 296.5
423 299
422.4 294.75
426.7 295.75
426.9 295.25
422 297
426.9 295.25
426.3 289.5
425.8 290
421.8 291
420.8 292.25
421.1 288.25
416.6 289.75
414 287.75
413.6 292.5
412.6 291.75
412.9 290
417.2 296.25
420.5 294.5
425.8 301.75
425.9 299.25
425.5 292.5
427.3 295.5
427.1 296
434.5 312.5
434.9 316
434.5 312.75
434.9 323.25
436.5 337.25
432.9 330
432.8 332
429.9 330
434.2 329
435 323.25
440.3 329
442.1 333.5
442.8 340
446.2 351.5
441.1 348
440.9 368
443.7 361
438.7 366.5
439.3 356.5
431.1 342.5
431.3 344.5
425.2 336.75
424.7 338.5
425.9 336
426 334.5
428.7 331
425.9 322.5
423.9 316.5
424.5 311.25
427.1 314.25
426.5 314.25
426.9 310
428.6 313.5
427.6 311
429.3 310.5
424 309
424.9 305.25
427.5 301.75
432.9 308
435.3 310.75
433 311
434.3 309.25
434.6 320.75
437.9 322.75
433 319.5
435 318
429.5 314.5
426.7 308.25
429 308.25
429.8 305
426.1 309.5
426.2 305.5
427.2 312.5
427.2 306
421.6 301.5
420.2 296.5
418.9 306.25
419.4 310
421.5 315
420.5 309.5
417.4 313
416.6 333.75
417.5 332
418.8 330.25
418 337.75
419.8 335
416.3 331.75
415.3 331.5
422.7 323.5
423.7 323.25
426.5 322.5
424.8 319.25
424.7 313.25
424.2 314.25
427.4 313.5
429.3 313.75
427.5 316
429.1 323
436.2 323.5
438.3 327.5
438.4 339
438.9 335
438.1 336
441.7 331.75
440.5 339.5
440.3 331
436.4 327.75
435.9 321.5
427.8 324.25
422.9 337
423.5 332
423.3 334.75
422.9 328.5
425.5 327
426.3 323.75
423.9 332
419.6 338
420.7 348.5
420.5 352.25
419.7 338.5
421.7 333.25
425.4 327
424.7 330.5
425.7 325.75
423.4 328.5
424.7 330.5
427.3 333
429.9 327.75
431.9 330.5
431.9 332
436.9 326
437.9 325
437.2 320
434.7 322.25
434.2 319.5
436.5 323.5
445.5 326.25
445.9 321.25
442.2 315.75
446.1 310.25
439.9 314.25
439.5 320.75
437.2 325.25
438.1 323
439.4 317.25
437.3 314
438.4 315.75
437.4 312.25
437 310.5
431.2 307.25
433.8 301.5
442.3 306.75
444.2 305
444.4 305.5
444.9 303.5
446.7 309
449 313
449.7 313
446.1 316.5
449.8 311.5
455.5 322.75
459.5 324.25
466.7 320.25
466.2 321.25
468.9 325.25
466.6 332.25
463.5 333.5
465.9 329.25
462.6 327
469.7 328.75
472.1 328.75
463.5 327.75
461 332.25
467 330
465 323.25
472.8 325.5
471.2 323.5
473.8 324.5
466.3 315
468.2 311.75
503.3 303.5
548.3 333.25
553.5 326.5
558.3 326
557.7 332.5
562.2 342
559.7 344.5
558.7 343.5
555.2 350.25
552.4 352.5
550.9 349.25
550.1 344
560 342.5
567 339.75
566.6 341.25
573 341.75
586.7 344.5
581.8 347.75
589.4 342
586 342.75
587.9 347
595.2 352.5
588.4 351.25
597.6 361
595.2 367.5
597.5 360.5
596.5 357.5
615.4 349.5
620 355
632.6 354.75
619.8 353
632.2 352.75
620.6 350.75
631 350
638.8 348.5
633.3 342.5
651.8 346.25
657.5 353.25
664.7 355.25
665.9 354
674.2 352.25
682.2 361.25
677.8 363.5
699.4 375.5
703.7 377.5
719.8 382.5
710.3 394
683.6 399.5
691.5 403.5
690.5 423
679.6 418.5
656.7 416.25
657 426.25
673 419.75
637 411.75
648.4 409.5
650.9 415.5
653.9 412
642.5 393.5
627.6 392
635.5 403.75
643.2 398.5
629.4 385
627.4 387.75
609.1 383.5
608.2 372.5
606.8 373.75
562.5 369.75
562.3 361.25
566.5 361.5
578 359
568.8 358.5
576.9 367
587.5 372
582.2 365.5
584.8 363.25
584.8 368.5
581.6 378.25
578.3 372
576.3 439.5
572.4 464
578.4 494
571.9 501
572.3 531
576.3 515.5
588.8 525.5
594.7 542.5
589.7 531
588.9 512.5
599 513
593 505
579.7 517
584.4 522.5
587.6 516.75
596.8 507.5
598.2 508.5
669.4 474.5
656.5 569.5
660.5 588.5
673.3 634
665 770
673 767
682.5 807
681.7 842.5
695.6 816
700.8 840
703.3 849
712.2 871
711.9 840
709.5 825.5
709.6 838
715.8 875
715.8 869
722 845
732.4 850
731.4 874
732.1 877.75
731.6 887.25
728.3 917.25
964.5 1169
972.1 1073
981.5 1093
963.9 1077.5
986.2 1096
975 1114
972.2 1092.5
969.9 1140
974.2 1240
978.8 1270
992.3 1234
998.2 1160
1001.4 1131.5
1003.2 1164
944.7 1074
919.6 987.5
918.3 1020
934.6 1067.5
949 1033
948.8 1014
929.3 895.5
926.2 843.5
942.5 849.75
944.8 865.25
931.9 872.75
927.3 822
921.9 823.25
927.3 814
940.9 806.5
959.5 819
972.7 810
977.7 811
961.8 834
970 809.5
957.3 804
963.1 791
948 796.75
922.4 783.25
922 787.75
926.6 811
927.6 797.75
916.4 792
835.5 555.75
801.5 555.25
785.1 566.25
787.6 563.5
766.1 549
733.3 517.75
713.3 523
729.1 516.25
741.7 529.5
739.3 514
752.8 561.25
865.4 643.5
841.1 613.25
853.9 612.5
854.3 629.5
820.3 569.75
820.1 570.75
808.2 574.25
806.7 568.75
839.3 578.25
854.6 550
849.6 571.75
858.2 566.75
895.3 582.75
908.5 592.5
899.2 584.75
888.1 595.25
915.5 512.5
922.6 532.75
926.1 525.5
907.4 550.5
895.6 563.5
871.5 557
882.2 539.75
884.8 532
882.2 522
894.7 523.25
890.9 522.25
892.8 515.25
879.3 524.75
867.4 523
887 504.5
882.1 509.5
891.8 516.75
905.9 529.25
913.6 532.25
907.4 508
892.8 510.5
993.1 447.5
1008 457.5
999.5 452.75
1003.2 441.25
1016.7 442.75
1038.6 460.25
1043.3 463.25
1055.4 474
1047.8 468
1056.7 494.25
1064.2 511.25
1063.9 513
1049.8 505
1050.7 498.75
1057.3 517.75
1057.8 517.5
1063.7 542.5
1057.8 551.75
1055.6 547.75
1042.1 527
1034.7 503.25
1029.9 494.75
1174.2 548.75
1181.1 567.5
1199.1 562.5
1212 554.5
1217.4 549.75
1168.8 536.75
1163.4 526.5
1142.8 519.25
1120.4 515
1125.7 517.75
1119.4 519.25
1123.3 525
1122.4 536.75
1135.5 537.25
1106.8 518.5
1110.8 528
1095.4 519.5
1086 523
1093.3 529
1104.1 524.5
1107.2 550.75
1097 541
1091.5 544.75
1095.2 541.5
1117.7 557.75
1118.1 553
1135.9 567.25
1133.1 557.75
1138.2 568.5
1150.7 572.5
1128.9 535.75
1136.4 537
1142.6 527.75
1130.1 510
1139.7 500.5
1112.3 497.5
1102.7 499.5
1089.2 498.5
1095.2 498.25
1097.9 494
1084.4 483.75
1112.6 501.25
1102.7 491.75
1096.5 500.25
1107.8 489.75
1118.3 506.5
1117.8 492.75
1136.9 492
1142.7 503.5
1132.6 490.5
1134.8 482.25
1123.6 484.5
1122 478.5
1107.8 470.75
1108 468.5
1101.5 472.25
1105.1 479.25
1122.2 487
1124 496
1127.4 489.25
1107.4 483.75
1099.3 486.5
1103.5 476.75
1088.6 476
1092.7 466.5
1104.2 464.75
1110.3 464.75
1104.5 472
1113.3 450.5
1125.1 454.75
1132.9 453.5
1135.1 463.5
1152.3 475.25
1152.2 469.25
1161.1 465.75
1161.6 467.75
1152.8 476
1159 474.75
1159.7 480.25
1136.3 490.5
1135.2 467.75
1138.6 486
1148.2 487.25
1142.3 498.5
1153.1 493.25
1153.5 476
1161.7 478.25
1171.3 476.25
1168.4 484.5
1180.1 491.75
1182.7 490
1168.6 499.75
1174.6 501
1196.9 497.25
1210 500.25
1200.4 482.5
1219.9 483.75
1242.7 482.75
1228.8 471
1227.4 463.5
1227.7 469
1214.3 467.75
1192.6 469.25
1187.8 469.75
1175.7 472
1193.8 467.5
1197.8 460.5
1213.3 461.75
1211.9 467.75
1212.2 457.75
1224.8 450.75
1220.6 442.5
1208.3 441.75
1216.2 435.75
1239.3 432.25
1244 432.25
1228.5 428
1220.8 433.25
1228.9 440.75
1223.3 451.5
1233.2 451.75
1229.3 461.25
1247.5 462.75
1257.2 461.75
1239.7 462
1239.9 460.75
1234.1 462.25
1245.5 463
1255.8 456.25
1238.2 449.5
1242 442
1245.5 464.75
1206.3 484
1207.4 487.75
1194.8 492.75
1198.6 515.75
1195.8 534
1209.6 523.5
1198.5 521.25
1213.3 535.75
1206.8 548.25
1208.1 596.25
1188 587.25
1181.7 582.25
1191.5 577
1191.6 588.25
1195.5 596.5
1187.7 596.25
1183 589.5
1158 595
1160.4 615.5
1168.4 627.5
1181.7 661.5
1183.4 693.25
1185.2 680
1193.7 725.75
1197.2 785.75
1203.4 725.75
1200.7 712.5
1196.2 694.75
1197.5 694.75
1214.8 713
1214.9 702.5
1224.5 663.75
1226.6 651
1229.7 656
1233.8 681.25
1227.2 679
1226.9 692.25
1231.8 674.75
1239.5 647.75
1235.4 656.5
1236 662.5
1237.1 671.25
1248.3 652.5
1246.3 675.5
1251.5 680.75
1249.2 708.25
1257.3 702.5
1255.6 678.75
1248.9 706.75
1244.5 704.75
1245.1 713.75
1269.7 704.5
1266.7 726.75
1271.9 719.25
1275.6 739.25
1279 731.75
1272.4 718
1290.2 719.75
1294.3 697.25
1296 720
1296.7 706.5
1306.6 684.75
1308.5 683.5
1307.8 674
1316.1 655
1315.4 647.25
1338.9 663.5
1346.4 658.25
1333.9 659.25
1344.2 719.25
1353.3 709.25
1345.7 710
1369.5 702.75
1376.7 700.75
1371.1 704.5
1371.2 690
1335.1 671.5
1343.3 683
1324.7 668.75
1324.4 670.75
1338.3 674
1338 692
1322.2 702.75
1342.1 718.25
1357.1 717.25
1350.2 702.5
1356.4 694.25
1337.1 690.25
1382.7 713.75
1397.3 728.75
1402.8 736.25
1409.8 721.75
1399.1 710
1403.1 704
1365.4 669.25
1368.4 672.75
1338.3 626.25
1336.8 632.5
1352.9 645.25
1352.2 644.5
1357.7 645.5
1377.5 642
1372.9 647.5
1362.3 648.25
1366 650.25
1385 650.25
1387.3 697.5
1388.5 706.5
1405.4 738
1415.3 752
1408.3 743
1382.5 742
1392.1 748.25
1384.3 735.5
1397.3 740.25
1403.6 721
1385.5 764.75
1370.4 749.75
1378.6 756.75
1385.5 769.5
1388.2 765
1386.8 783.5
1380 783
1382.4 780.25
1405.2 798.25
1413.1 799.25
1405.6 784.75
1421.1 794.25
1422.6 805.5
1378.5 789.25
1373.4 808.25
1371.4 789
1368.5 774
1373.7 767.25
1384 759.5
1385.7 770.5
1386.9 783.5
1360.4 773.25
1368.1 793.25
1370.2 797.25
1346.5 803.5
1341 824.5
1344.5 835.25
1332.3 838.25
1333 856.5
1318.4 846.25
1340.7 825.75
1333.8 840.75
1339.6 835.75
1331.5 863
1352.3 859
1348.3 853.75
1347.6 858.75
1363.4 874.25
1364.8 886
1361.9 862.75
1359.9 867
1364.6 872
1373.6 840.25
1374.7 837
1384.7 850.75
1388.2 822.25
1400.5 762.25
1413.4 763
1415.3 747.25
1408.7 776.5
1409.3 782.5
1430.7 775.75
1437.2 776.75
1416 790.5
1428.2 800.5
1434.1 769
1426.9 751.25
1429.3 732.25
1412.2 714
1421.5 695
1424.6 700.5
1392.6 667.75
1396 662
1404 710.25
1415.9 723
1426.2 721
1427.5 722.25
1437.9 714.25
1434.8 739.5
1426.1 733.25
1419.8 725.25
1416 737.25
1423.8 727.25
1438.9 763.25
1428.1 759.5
1432.2 790
1451.8 786.25
1457.7 782.25
1458.5 773.25
1473.4 797.5
1467.4 798.25
1452.9 759.5
1454.9 752.75
1471.7 740.5
1485.3 744.25
1492.3 775
1494.5 785.75
1498.3 785
1503.2 799.5
1508.6 826
1503 811.25
1516.7 777
1530.8 743
1556 769.25
1556.7 759.75
1540.1 760.75
1514.9 741
1480.9 722.5
1491.2 724.5
1502.9 759.25
1516.6 769
1501.1 727.75
1506.6 700.5
1493.4 696
1490.4 736.5
1479.8 764
1495.6 817
1492.2 812
1508.8 806.5
1515.3 803
1523.2 779.75
1526.6 796.5
1522.8 814.5
1536.3 819.75
1535.9 782.25
1542.4 759.25
1532 769.75
1541.7 773.75
1546.5 744
1543.3 733.75
1538.1 748
1542.1 745
1528.6 759.25
1515 743
1523.8 731.25
1525.6 708.5
1529.3 673.25
1538.6 672.25
1541.5 659.25
1546 674.25
1552.9 638.25
1520.1 649
1500.5 635.75
1496 622.75
1499.7 640.25
1509.9 641.25
1502.3 584.75
1482.3 584.5
1512.3 613.75
1528.7 611.25
1530.2 624.5
1541.2 650.5
1548.8 636
1561.9 662.75
1585.2 702
1589 691.25
1589.8 694.75
1602.1 689.5
1600.9 693.5
1596.7 697
1586.8 677.25
1601.3 692.25
1612 688.5
1616.6 694
1615 704.75
1613.4 693.25
1628.3 672.5
1619 676.5
1641.9 718
1663.4 710.5
1656.2 681.75
1648.8 679
1710.2 656.5
1740 671.75
1781.3 685
1748.8 701.25
1740.2 702.5
1755.5 712.5
1782.4 724.75
1791.2 727.5
1818.9 707.75
1848.9 730.75
1888.7 735.5
1858.3 757.25
1754.1 749.25
1759.8 757.25
1794.1 762.25
1788.4 757.25
1826.7 750.25
1828.5 745.25
1826 715.5
1873.7 730
1869.9 716.25
1814.2 714.75
1854.4 709.25
1856.4 701
1809.9 699.75
1826.8 688.75
1823.5 701.75
1778.5 696
1812.1 688.25
1776.4 673
1806.6 674.75
1805.5 666.75
1739.2 633.75
1637.5 640.75
1592.5 648.25
1650.6 658.25
1616.3 638.75
1615.5 654.25
1620.4 609.25
1656 619.5
1614.7 604
1640.3 625.25
1651.9 616
1634.5 607.5
1669.6 611.5
1659.7 660.75
1681.3 626.75
1667.3 618
1681.8 622.75
1675.5 624.25
1651.7 625.25
1646 619.5
1611.9 630.75
1635.1 632
1651.5 642.5
1699.6 636.25
1722.7 619.5
1746.7 644
1746.2 644.5
1724.2 628.25
1711 630
1728.7 623.5
1764.2 636
1755.3 636.75
1790.3 638.75
1798.4 657
1790.9 643
1758.9 620
1787.5 616.75
1777.8 615.75
1781.7 632.75
1773.8 616.75
1719.8 592.5
1724.7 598.25
1678.3 591.5
1702.2 594
1695.7 579.25
1685.5 574.5
1710.8 574.75
1713.4 594.5
1745.5 595.75
1735.3 602
1747 612.25
1730.7 598.75
1727.9 598.75
1740.9 583
1709.8 576.75
1712.8 573.5
1664.2 575.5
1659.9 591.75
1584.3 588
1574.6 579.25
1595.6 583.75
1594.4 599.75
1615.6 607.75
1611.9 617
1608.9 621.75
1604.7 622
1594.2 644.75
1562.9 651.25
1539.9 645.25
1565.8 652.75
1599.7 657
1611.9 650
1619.4 629.25
1616.1 624.75
1607.5 641.75
1631 639.75
1639.2 641
1647.3 605
1630.4 602.25
1655.2 604.75
1659.5 592.25
1654.1 605.75
1663.7 610.5
1678 619.75
1664.2 633.5
1699.8 641.25
1726.3 653.5
1731.8 647.25
1731 644.75
1737.8 666
1747.1 674.25
1756.8 662.75
1737.9 660.75
1722.8 668.5
1746.4 662.25
1729.3 660.75
1739 646
1723.3 630
1723 641.25
1715.9 635
1726.3 626
1726.8 628.75
1724.5 644
1757.1 633
1770 644.5
1784.9 641.75
1775.1 641
1773.6 645.75
1787 662.25
1709.9 664.25
1721.1 659.25
1708.8 670.75
1703 667.75
1671.4 654
1683.3 633
1698.1 630.5
1710.9 638.75
1699.2 652.75
1693.7 651.5
1642.5 651.75
1659.1 664.75
1655.5 672
1666.9 652.25
1646.7 642.5
1650 636.25
1642.3 646.25
1662.3 654.25
1685.5 659.5
1684.8 639.75
1657.9 630.75
1652.2 612.5
1669.3 660.75
1677.5 657
1670 658
1612.3 639.25
1628.5 638.5
1642.5 643
1659.5 625.75
1659 628
1679.5 639.25
1659.1 623.5
1648.7 616.25
1650.3 615.5
1638.8 610.75
1640.6 624.75
1642.1 615.75
1631.9 625
1643 624.5
1641.4 616.5
1659.6 626
1664 642.25
1663.4 647.75
1661.7 633.75
1653.4 607
1634.2 608.25
1644.7 603.75
1638.6 606.25
1604 609
1593.7 591.25
1595.1 594.75
1583.6 592.75
1560.6 597.75
1556.8 608.5
1536.2 638.75
1574.5 657.75
1591.6 695.25
1588.4 704
1576.3 685.5
1548.1 665.5
1557.3 663
1568.8 680
1548.6 656.75
1563.4 653.75
1562.6 643.75
1620.5 612.25
1612.2 627.75
1615.2 613.25
1632.8 624.25
1586.6 641.75
1590.1 630.25
1595.5 630.5
1612.7 616
1618.1 616
1618.4 623.5
1627 609.5
1625.7 630.25
1622.2 649.5
1614.8 664
1564.5 661.75
1566 673.25
1587.5 724.25
1574 729
1577.5 732
1549.7 726
1603.5 739
1597.2 754.5
1621.3 782.25
1608.9 822.5
1578.4 791.25
1588.6 810.75
1579.3 804.75
1575.2 807.75
1564.9 832.75
1591.6 842
1591.2 884.5
1589.1 885
1570.4 903.25
1580.1 935
1582.5 943.25
1577.1 912.75
1576 878.75
1608 903.25
1615 884
1617.9 898
1619.7 914.5
1610.5 888.25
1603.7 879.5
1587.4 865
1606 891.25
1612.9 893.25
1609.7 889
1612.9 899.25
1617.1 913
1619.7 885.25
1609.6 856.75
1599.4 839.75
1603.7 846.75
1616.1 861.75
1616.3 874.5
1620.1 879.5
1639.9 900.5
1637.4 896.5
1669.6 874.5
1669.8 867.5
1672.4 862
1666.5 854.75
1659.8 885.5
1653.5 883.5
1684.6 870
1692.9 866
1690.8 845.75
1702.6 872
1737.5 884.75
1728.7 868.25
1731.8 860
1730.6 867
1769.1 879
1769.8 897.5
1767.7 878
1768.4 863.5
1769 881.5
1767.7 879.5
1775.5 897.25
1762.1 892
1763.8 886.5
1750.6 869.25
1777.6 855.5
1771.1 902.5
1780.5 884.25
1772.7 871.5
1777.3 873
1794.1 869.25
1778.6 857.5
1773.5 861
1763 864.25
1763.2 869.75
1768.8 886
1758 856.75
1736 848.25
1744.7 847.75
1751.5 856.25
1743.3 868.5
1722.8 872.5
1725.1 878.25
1708.3 868.75
1700.5 884
1712 872.75
1710.9 863.75
1717.5 864.5
1714.1 868.5
1674.1 864.5
1682.2 866
1714.1 877
1713.2 894
1725.4 902.5
1730.3 886.5
1730.3 857.75
1724.2 851
1729.5 848.75
1713.3 845.5
1714.3 838
1734 841.75
1723.2 845
1727.9 845.25
1751.3 847.75
1749.5 849
1742.2 873
1716.5 876
1727.2 869.25
1710.9 844.75
1719.6 842
1694.4 838.5
1692.4 842.25
1700.3 845.25
1704 844.25
1713 832.75
1708.2 805.75
1716.6 794.75
1695.6 793
1695.8 801
1697 808
1669.5 811.25
1666.5 805.75
1644.9 790.5
1659.1 792
1658.6 793.75
1659.8 774.5
1662.6 772.25
1654.9 778.75
1674.8 778
1687.9 755.25
1673.7 755.5
1648.1 747.25
1645.5 751.25
1661.5 750.5
1654.8 745.5
1677.3 744.5
1660 754.75
1668.9 767
1683.4 782.75
1682.7 785
1690.4 781.25
1686.6 791.25
1692.8 779.25
1686.3 774.75
1669.5 768.5
1656.4 776.5
1652.4 779.25
1660.7 777
1679.9 787
1660.6 779.5
1669.4 765
1675.3 763
1672.4 757.5
1677.7 761.5
1670.4 756
1666 756.25
1648.2 741.5
1648.7 732
1644.2 735.5
1634.7 732
1608.8 742.25
1603.6 732.25
1577.6 738.5
1578.2 721.25
1572.4 715
1586.2 699.25
1615.2 705.75
1595.2 704.25
1577.7 707.75
1571.9 713.25
1572.1 696
1574.6 696.25
1574.6 676.25
1574.8 686.75
1576.6 690
1577.8 694
1591.5 700.5
1588.3 707.25
1590.6 714.25
1592.5 723
1604.6 712.75
1611.3 722
1607.5 736
1613.8 728.75
1606.2 729.75
1604.6 727.25
1595.8 731.5
1606.2 736.75
1594.8 687.75
1600 664
1575.1 670.75
1552.8 696.5
1551.8 694
1575.4 699
1572 712.5
1586.2 708.75
1558.3 696.75
1564.3 697.75
1501 714.75
1360.6 693.75
1386.8 703.5
1382.2 703.75
1392 702.75
1395.3 709
1421 702.25
1408.6 697.5
1423.4 691.75
1461.8 701.25
1453.6 688.75
1467.4 709.75
1472.2 721.75
1446.3 710.5
1467.7 718.75
1464.3 711.25
1468.1 693
1449 699.5
1473.9 696.75
1468.8 716.25
1436.8 696.75
1434.5 701.5
1424.7 701.5
1396.5 693.75
1387.1 687.75
1364.9 683.25
1384.3 685.25
1377.8 680.5
1367.6 688.5
1392 703.25
1386.8 697.5
1379.1 693.75
1391.3 702.75
1411.5 698.75
1392.6 705.5
1411.7 708.75
1397.1 709
1398.4 701.5
1415.7 697.75
1383 696.25
1386.2 689.75
1377 696.75
1391.8 683
1377.6 685.5
1387.3 680.75
1382.8 680.5
1366.6 687.5
1373.6 707
1285.9 700.5
1291.6 698
1276.8 679
1274.8 675.75
1229.6 667
1211.4 663.5
1223.8 648.5
1255.9 645.75
1243.6 649.5
1252.1 657.75
1212.9 656
1234.9 660
1245.9 675.5
1247.4 672
1280.1 679.25
1277.8 675.5
1283.8 669.5
1290.8 669.5
1277.9 665
1284.6 660.5
1293.3 664.5
1336.4 659.75
1335.1 653.75
1319.7 653.25
1329 649.25
1321.7 650.25
1328.4 651.5
1324 655.25
1312.4 664.25
1311 658
1310.6 660.5
1302.6 645.25
1283.2 650.5
1286.1 643.5
1310.7 641.25
1312.9 633.5
1334.7 635
1321.2 628.25
1334 630.5
1361.6 637.5
1371.7 631
1366.2 641.5
1373.1 634.25
1370.6 638.75
1371.2 630.5
1395.7 634.5
1393 654.75
1420.6 650.75
1419 646.5
1412.9 641.25
1396.1 643.25
1412 636.5
1389.9 634.25
1373.1 627.25
1386.7 635
1386.8 628.75
1364.1 633.75
1363.9 635
1330.4 641.75
1308.4 627.75
1317.9 641.25
1309.5 643
1307.8 646.5
1369.4 657
1332.5 646.25
1326.9 653.5
1316 658.25
1335.9 670.5
1323.6 678.25
1338.4 683
1326.5 678.5
1286 681.25
1320.6 686
1317.4 689.25
1309.7 687
1324.8 694.75
1324.2 693.5
1306.9 690.5
1296.6 685.5
1268 692.25
1276.4 692.5
1273 685.75
1282 681.5
1322.7 686
1314.4 705.75
1315.7 699.75
1342.5 700.75
1333.9 701.75
1350.2 696.5
1352.4 690.75
1352 681
1345.2 681.25
1349 675
1323.6 667.5
1313.1 667.75
1314.6 662.75
1308 656
1317.7 653.25
1308.4 653
1284.5 649.75
1281 646.25
1271.1 645.25
1268.3 645.5
1286.2 644.75
1287.3 644.5
1272.2 642.25
1273.4 650.25
1257.9 647.25
1243.5 648.75
1244 649.5
1241.1 652.5
1241.4 646.5
1237.8 651.25
1250.6 655
1222.3 649.75
1221.7 653.75
1248.2 647.25
1233.2 638
1230.3 637.25
1235.3 639
1262.4 629.5
1258.5 630.25
1226 622.5
1235.7 618.25
1245.5 621.75
1231.2 619.75
1236.1 612.75
1195 610.75
1205.1 613.5
1198.4 609.5
1205.1 606.25
1214.1 606
1216.1 609
1203.1 600.5
1201.9 605.25
1225 597
1238.4 605.75
1237.8 605.75
1229.4 602.5
1225.3 588.75
1229.3 584.25
1246.7 569
1250.9 573.5
1245.2 579.25
1238.1 567.75
1240 572.75
1251.7 563.5
1242.3 562.25
1239 561.25
1262.6 570
1264.5 565.25
1263.6 563.5
1251 566
1262.2 551.5
1242.2 553.5
1240.1 555.75
1260.4 563.75
1251.7 584.5
1257.3 587.5
1257.6 580.75
1263.3 577.5
1274.8 584.75
1290.1 590.25
1295.3 587
1300.4 595.5
1319 598.5
1324.7 612
1320.6 620.25
1317.1 616.25
1323.9 609.75
1338.3 617.75
1343 615
1328.2 600
1331.6 582.25
1321.4 599
1350.1 626.75
1337.8 639.75
1340.2 637.25
1351.7 641.5
1338.1 646.25
1341.4 645
1346.5 663.25
1370.3 688
1372.2 679
1379 690.25
1372.9 674.5
1359 692.5
1341.4 715.75
1330.5 703.75
1336 693.25
1311.2 714.5
1311.4 708.25
1303.4 696.75
1294.7 710.5
1293.8 695.5
1283.4 697.25
1279.6 685.25
1290.5 669.25
1284.4 676
1303.2 669.75
1298 676.25
1308.7 681
1305.5 669
1320.1 662.25
1318.7 660.25
1327.2 678.75
1300 701.75
1303.1 688
1293.4 691.25
1288 668.25
1280.6 673
1284.2 676.5
1290.5 689
1300.7 700.25
1298.9 700.25
1296 708
1295.6 713
1283.1 698.75
1302.6 707.75
1309 721.25
1308.3 731.75
1288.6 729.75
1287.4 726.75
1287.3 714
1295.6 705.5
1294.6 700
1305.7 681
1293.5 678.25
1293.3 674.25
1293.7 674.5
1294.5 670.5
1288 664.25
1294.9 659.25
1291.6 652.5
1265.4 641
1259.3 638.75
1256.3 632.5
1245.6 627.25
1243.7 620.75
1244.3 612.5
1244 614.5
1253 605.75
1252.1 618.25
1253.5 612.5
1259.8 601.25
1260.8 589.25
1273.6 585.25
1273.7 586
1274.9 581
1271.7 581.75
1272.4 587
1313.7 593.5
1316.2 585.25
1318 579.75
1320.9 571
1322.2 575.5
1316.1 582.25
1319 585.25
1321.8 564.75
1326.4 559.75
1330.7 561.75
1320.4 568
1316.5 545
1316 545.25
1323.8 539.5
1338.7 536.75
1337 514.75
1306.3 549.75
1296.9 537.75
1299.6 538
1316.7 550.75
1309.2 532.25
1313.7 530
1306.1 524.5
1304.5 530.75
1290.6 528.75
1303.1 538
1303.3 534.75
1298.3 520
1294.9 527.25
1281.3 530.25
1293.6 534.25
1287.7 544
1284 552.5
1306.7 568
1310.8 561.5
1308.9 549.25
1308.5 546.5
1308.8 538
1312.8 528
1313.9 537.25
1304.5 551.25
1297.7 542.5
1295.1 546
1293.4 539.5
1273.7 546.25
1278.6 552
1277.3 542.5
1283.8 541.5
1281.9 547.25
1288.7 556.5
1285.8 550.25
1263.7 543.5
1268.9 523.5
1265.1 525.25
1265.8 531.5
1252.7 533.5
1246.8 527.5
1243.5 518.75
1237.4 503
1229.9 498.25
1233.6 500.75
1235.2 496.25
1234.4 499.25
1225.7 488.5
1215.3 474.5
1216.8 476.75
1221 476
1218.6 480.25
1221.2 474
1214.1 474.25
1217.5 481.25
1210.5 477.75
1214.6 479
1214.2 482.75
1192.2 485.75
1206.7 491.5
1211.7 506.25
1205.3 507.75
1224.6 493.25
1221 498.5
1229.3 505.25
1233.6 509.25
1244.1 506
1240.5 517
1238.3 516
1244 513.5
1251 519.25
1244.8 522.25
1228.5 526.75
1231.2 517.75
1229.1 522.75
1229.2 530.75
1224.3 538.25
1198.1 536
1171.1 532.5
1169.4 538.25
1167.4 530.5
1145.4 524.75
1142.3 520.25
1169.6 514.5
1159.6 517.25
1162.8 525.25
1158.9 542.75
1161.1 553.75
1185 560.5
1183 551.75
1196.7 549
1193.6 537.75
1190.7 547.25
1197.5 547.25
1195.5 542.25
1197.1 551.5
1196.6 562
1175.2 577.25
1218 606.75
1199.2 605.25
1208.5 597
1207.5 599.75
1190.1 609
1194.7 610
1231.5 600.5
1228.9 593.25
1225.1 610.25
1222 627.5
1207.2 619
1193.9 623.25
1194.3 648.5
1194.7 655.25
1195.9 632.25
1179.7 625.75
1177.9 635.5
1173.5 611.5
1195.3 610.75
1181.7 615.5
1200.2 602
1183.9 589.75
1186 581.25
1203.9 589
1219.3 591.75
1210.6 579.5
1208.4 567
1216 563.75
1232.7 555.5
1234.3 548
1234.4 537.75
1264.7 532.75
1276.9 532.75
1294.2 537
1293.7 536.75
1300.7 533.75
1292.6 530
1279.4 520.5
1291.7 519
1285.9 505.25
1254.6 507.75
1278.5 502.75
1276.2 492.75
1259.7 513.75
1263.8 511
1262 525.75
1233.9 527
1240.8 529.75
1231.6 521.75
1219 525.75
1220.1 521.25
1226.5 533
1208.1 534.75
1199.7 527.75
1207.1 527.75
1204.4 510.25
1200.3 505.75
1196.9 505.75
1201 497.75
1209.6 503.25
1212.6 517.5
1207.7 508
1204 508.75
1200.6 493.5
1195.9 481.25
1164.1 485.75
1166.4 494.25
1160.1 496.5
1150.7 503
1152.1 513.25
1152.6 508.75
1153.3 514
1148.3 503.5
1151.4 510.75
1169.1 512
1184.8 530
1188 534
1191.7 523.5
1197.3 519
1205.1 499.25
1199.8 507.75
1184.8 530.25
1183.1 511.75
1208.1 528.5
1200.9 536.25
1218.6 527.75
1210.6 526
1203.1 526.25
1193.6 518.75
1204.6 526.5
1199.3 502.25
1192.8 497
1201.5 490.75
1198 494.5
1202.9 494.5
1193.5 498.75
1202.9 500.75
1186.9 498.75
1194.4 497.75
1175.2 486
1203.3 470.25
1214 471.5
1209.8 477.25
1182.4 467
1174.5 470
1186.8 469.25
1193.2 464
1190.3 475.75
1182.4 465.75
1189.1 476.5
1183.2 476.25
1192.6 479.25
1218.4 481
1225.4 501.75
1225.5 511
1227.8 521.75
1206.9 510.25
1208.9 513
1204.4 522
1204.3 515.25
1187.2 493.5
1185.9 487.75
1188.1 488.75
1189.4 477
1188.3 493.75
1194.1 512.5
1184.7 510.75
1174.9 523.75
1167.8 517
1173.2 528
1177.3 532.25
1186.1 513.5
1179.9 504.25
1178.8 503.75
1185.3 489.25
1180.5 488.75
1176.4 491.25
1201.5 488
1201.5 488.5
1183.7 501.25
1176.2 521.5
1172.6 518
1171.5 532
1172.9 562.25
1178.5 580.5
1171.5 614.75
1169 587.5
1163 585.75
1172.9 588.5
1152.4 579.5
1163.3 572.25
1159 572.25
1157.7 581.5
1155.2 586.75
1153.3 583.5
1147.2 566.75
1143.8 562.25
1131.8 554
1106.7 532.75
1103.4 524.75
1091.4 516.75
1094 521.5
1085.6 511.75
1096.5 502.5
1096.3 510.75
1092.7 496.25
1088.4 496.5
1094.9 499.25
1089.4 499
1090.7 493.5
1085.7 502
1090.2 507
1094.1 510.5
1104.2 525.5
1107.6 507.25
1123.2 492.25
1115.7 503.25
1112.9 506.5
1118.6 500.5
1117.1 494.25
1128.1 496.25
1153 506.25
1159.6 499.5
1153.4 503.25
1138.2 495
1124.6 489.75
1122.4 484.25
1133.1 477
1131.6 482.5
1138.7 484
1132.5 473
1123.7 456.5
1120.6 457.75
1120.4 465.25
1102.2 462
1109.5 468
1103.5 475.5
1107.7 485.75
1102.8 494.75
1119.2 488.25
1117.3 481.5
1138.1 486.75
1133.1 496.75
1125 495.5
1131.6 507.5
1153.8 497.25
1146 507.75
1132 505.5
1127.1 503.75
1115.5 512.75
1114.2 518.25
1137.1 513.25
1138.1 515.5
1146.8 526.25
1149 516.75
1144.7 511.5
1156.3 509.25
1164.9 506.75
1165.8 519
1180.1 508.25
1187.9 502.5
1183.6 492.25
1173.3 485.75
1178 491.25
1167.6 494.75
1166.6 490.75
1163.3 490.5
1167 509
1166.8 509.25
1177.1 506
1147.2 515
1141.5 522
1135.8 508
1114.2 516.5
1106.5 526.25
1104.4 526.25
1087.6 523.25
1087.9 501.75
1088.2 490.75
1084.7 494.75
1080.8 498
1080.8 495.75
1083.7 494
1068.7 487.5
1068.8 483.25
1078 490.75
1076.4 488.5
1066.8 495
1074.3 484.25
1070.5 479.25
1056.2 465.75
1065.8 460
1063.8 456.5
1054.2 452.25
1061.7 464.75
1084.5 471.25
1076.4 470.25
1076.3 470.75
1077.6 478
1073.1 484.5
1076.9 482.75
1064.7 487.75
1062.9 494.25
1078 483.5
1050.8 484
1066.2 486.75
1081.9 479
1074.8 471.75
1069.4 469.5
1077.2 467.5
1070.5 466.5
1077.5 475.75
1060.1 469.75
1060.3 470
1075.1 458.25
1078.4 461.25
1091.9 462.75
1107.7 468.5
1097.8 478.5
1096.5 469
1085.6 481.25
1087.5 478
1073.9 468.75
1091.5 473.75
1089.9 474.5
1107.1 471.5
1099.1 475
1097.2 475.5
1106.2 481.5
1121.7 484.75
1116.1 476.5
1115.6 472.25
1116.4 479.25
1127.9 475.25
1127.3 475.25
1141.3 480
1157.6 472.75
1157.8 466.75
1197.9 458.5
1198.7 457.5
1194.7 461.25
1247.9 458.25
1239.1 457.5
1207.9 464.25
1211.1 468.5
1226.1 462.25
1230.4 461.75
1209.5 458.5
1222.3 448
1238.7 442.75
1238.2 445.25
1219.8 443.25
1233.9 445
1230.3 438.5
1241.1 442.75
1257.4 453.25
1269.9 454.75
1263.2 457.75
1262.1 461.25
1256.6 463.75
1272 471.5
1258.7 469.75
1244.4 471.5
1230.4 477.25
1229.3 470.75
1264.5 462.5
1253.8 463
1243.8 466.5
1248.2 466.75
1223.7 463
1221.4 463
1219.9 471
1235.6 476.75
1226.9 464
1234.2 473.5
1222.2 475.75
1218 474.75
1228.4 474
1222.5 463
1236.2 457
1242.5 460.25
1256.7 447.25
1259.4 452.5
1246.8 461.5
1225 459.75
1233.1 459.75
1233.6 472.75
1253 486.25
1253.2 504.25
1249 495.75
1228.7 467
1238.9 471.25
1242.2 479.75
1249.2 474.25
1265.5 475.5
1289.2 478
1294.7 477
1290.7 459.75
1273.3 460.5
1271.4 453
1292.9 453.25
1265.6 447
1263.9 451.5
1274.6 449.5
1270.3 458.5
1271.9 465
1273.4 474.75
1276.2 481.75
1273.7 480
1254.2 468.75
1252.4 467.75
1251.1 462
1228.9 464
1223.5 466
1220.1 481.25
1214.8 464.5
1211.9 473.75
1209.8 485.5
1240.1 497.25
1244.6 507.5
1244.4 509
1259.8 519.5
1270.2 510.25
1273.4 495
1284.4 491.25
1285.6 485
1285.8 477.5
1296.1 472.5
1292.5 481.25
1290 473
1270.5 458.5
1268 458.75
1261.2 454.25
1320 454.75
1322.5 446.75
1315.3 443.75
1323.9 429.5
1318.4 431.25
1336.7 416.25
1356.4 419.5
1364.9 415.75
1360.1 412
1356.6 420.75
1355 416.25
1334.1 424
1342.4 426.25
1331.3 421.75
1326.5 424.75
1328.4 429.5
1331.5 418
1318.8 413
1330.5 417.75
1323.1 425.25
1319.3 429
1320.7 415
1326.6 414.75
1332.3 410.25
1349 407.75
1351.4 406
1364.4 401.25
1356.1 410.25
1358.8 403.25
1336.4 416
1333.4 417
1339 417
1344.3 421.75
1342.5 416.25
1335.8 422.5
1340.3 422
1350.5 423.5
1342.7 426
1351.2 427
1340.4 427
1337.7 415.25
1340.6 407.75
1324.4 404
1320.1 401.25
1321.5 383.5
1322.9 370.5
1311.7 363.25
1306.9 361
1312.2 368.25
1322.1 373.25
1349.4 371
1344.3 375.25
1336.8 377
1330.1 376
1321 383.25
1319 374.75
1321.5 376.75
1313.5 399.5
1305.8 403.25
1313.5 404
1313.7 406
1326.9 407.75
1340.4 405.5
1337.2 404.75
1339.7 396
1325.9 404
1319.4 403.25
1321.7 399
1313.3 402
1309 395.5
1266.3 395.5
1265.2 405
1249.8 395.75
1248.9 394.75
1253 407.25
1251.1 396.75
1255 416
1253.1 421
1254.4 423.75
1260.8 420
1267.9 420.25
1265.6 417
1265.9 414.5
1262 402.5
1271.9 404.25
1264.8 411.5
1267.9 414.5
1275.5 408.5
1271.5 416.25
1286.4 414.25
1306.8 417.75
1302.1 412
1303.3 414.25
1278.3 410
1273.4 415.25
1272.6 406.75
1265.5 404.75
1221.2 394
1224 399
1223.4 397
1216.5 403
1208.5 408
1209.6 410.25
1211 407.25
1189.1 401.5
1178.2 395.75
1190.6 389.5
1187.9 384
1170.8 380.5
1166.9 371.5
1175.1 387.5
1174 389.25
1167.6 389.5
1175 386.25
1169.8 390.75
1159.4 400.25
1163.5 401.25
1156.7 398
1161.3 391.5
1127.8 409.25
1135.3 409.25
1140.5 405
1131.5 403.25
1131.1 399.5
1128.8 397
1131.9 393.5
1137.3 409.5
1139.4 401.5
1156.4 404.75
1150 408
1160.4 406.5
1163.8 418.5
1179.7 426.25
1171.9 423.25
1183.5 427.25
1184.2 426.75
1195.6 418.75
1198.9 426.25
1195.3 426
1212 433.5
1211.3 431
1200.9 423.5
1204.3 428.25
1215 433.25
1210.3 426.75
1197.3 424.5
1189.5 427
1188.1 420.5
1193.2 414
1208.6 420.75
1205.6 433.75
1216.7 434.5
1218.5 430.25
1230 422.5
1234.2 430.75
1237.6 432.5
1235.1 443.5
1234.4 449
1224.4 452.25
1223.9 449.5
1231.7 454.75
1240 447.75
1237.6 441
1237.5 436
1232 441.25
1250.2 438
1256.9 431.25
1257.4 418.75
1252.6 424.75
1248.9 435.5
1231.9 432
1225.5 433.75
1224.5 438.25
1215.1 436
1208.5 427.5
1202.4 426
1200.7 422.75
1202.4 412.25
1201.9 412
1200.1 436
1226.5 436
1229.8 436.25
1233.6 430.25
1246.1 426.5
1249.3 422.25
1246.9 421
1248.2 424.75
1255.4 420.75
1255.3 424.5
1253.4 425.5
1245 421
1247.3 426.5
1250.8 427.75
1255 427
1245.4 429.75
1250.3 423.25
1254.3 424
1251.1 428.75
1271.2 433.25
1275.3 433.25
1285.9 429.75
1289.4 421
1291.7 422.5
1281.4 419
1281.9 406.25
1287.4 405
1275.8 402.5
1265.6 408.75
1262.1 407.75
1263.7 413.5
1266.1 418.5
1253.3 442.75
1255.1 441.5
1246.4 443
1226.5 426
1224.8 427.5
1225.3 418
1214.3 421.75
1217.3 424
1222.7 426
1226.2 425
1228.6 423.25
1235 424.25
1257.5 427
1251.7 425.75
1252.7 435.25
1260.7 434.25
1254.8 429.5
1252.4 432.5
1255.8 430.75
1267.6 438.25
1262.1 429.5
1272 429.25
1267 429
1276.8 429.5
1279.3 429.5
1294.4 435.75
1290.1 444.75
1276.3 449.25
1268.5 445.75
1266.1 434
1265.8 445
1272.8 443
1252.2 453.75
1254 465.25
1244.2 467
1241 472.5
1243.4 464.5
1247.6 461.25
1256.2 459.75
1246.3 450
1246.4 453.25
1248 457.25
1244.2 480.25
1240.7 511
1217.9 536.75
1220.4 539.25
1222.2 519
1208.6 515.25
1212.1 530.5
1213.6 535.5
1218.1 522.5
1216.3 495.5
1226.6 494.75
1232.8 506
1241.1 503.75
1241.2 503
1244.8 505.75
1254.3 499.25
1253.9 488.75
1251.7 474
1249 477.75
1259.6 479.75
1268.4 481
1266.6 474.5
1272.6 461.25
1271.8 460.75
1267.8 457.75
1258.3 454.75
1258.2 463.5
1256.4 457
1273 459.5
1283.7 440.5
1287.7 439.25
1284.2 441
1273.7 429.5
1276.9 419.25
1286.4 414
1285.7 416
1290.8 409.5
1285.1 402.25
1288.9 403.25
1286.5 409
1292.5 409.5
1309.7 400
1313.1 402.75
1308.1 403.5
1316.2 410.25
1324.5 420.5
1339.2 430.5
1333.9 421.75
1345.1 413.5
1346 413.75
1331 412.25
1328 419.5
1323.4 420.75
1324.7 428.25
1320.4 449
1306.3 443.5
1306.2 443
1312 449.75
1290.6 452.5
1293.3 449.5
1306.8 454
1297 453.75
1283.4 461.5
1285.5 455
1281.5 448.25
1272.7 444.75
1271.5 448
1273.7 442
1269.9 440.75
1271.6 443.5
1281.8 436
1290.6 435.25
1285.8 433.25
1293.3 430.5
1301.5 439.5
1299.9 436.5
1283 434.75
1279.9 430
1286.9 432.75
1277.4 426
1277.7 436.75
1275 438
1275.4 435.5
1266.3 431.75
1268.5 427.25
1274.1 424.75
1267 418.5
1274.1 418
1274.9 426
1266.5 425.75
1279.4 430.75
1273.7 427.25
1281.6 426.75
1285.6 429
1272.4 431.5
1277.3 424.25
1281.5 428
1276.5 420
1277.4 421.5
1295.8 427.25
1274.6 422
1281.1 424.75
1291.6 422.75
1286.7 415.75
1293.8 409.5
1294.7 410.75
1282.1 416.5
1273.2 409.25
1278.8 414.5
1274.3 410.25
1261.6 406
1262.8 398.5
1249.8 394.25
1245.2 392
1243.7 387.75
1238.5 387.25
1245.4 392.25
1253.8 395
1254.3 418.25
1262.2 420.5
1260.7 419.5
1266.1 423.5
1267.3 427
1275.4 424.75
1284.1 422.25
1287 428
1294.1 427.75
1306.3 427
1313.7 433.5
1316.2 436
1319.4 434
1320.3 430.75
1318.6 427.75
1311.7 432.25
1317.4 434.25
1320.6 433.25
1333.4 420.5
1335.4 416.5
1338 421.5
1326 425.25
1331.9 422.75
1330.9 425.75
1335.7 421.5
1355.9 433
1362.4 434.5
1351.6 441
1335.4 457.25
1339 451.75
1344.3 451
1333.7 446.75
1333 440.25
1326.1 446.25
1311.6 460.5
1316.9 456.25
1313.1 449
1324.2 464
1328.1 460.75
1355.5 455.75
1352.1 461.75
1353.2 457.75
1328.8 449.25
1330 447.25
1330.6 451.25
1328.2 452.25
1330.7 459.5
1315.5 463.25
1315.5 484.5
1302.9 505.5
1321.1 492
1318.1 502.25
1333.6 502
1326 493
1319.9 494.75
1322.4 489
1319.4 489.75
1325.9 485.5
1324.4 495.75
1316.8 478.75
1311.3 467.75
1316.8 450.75
1311.1 453
1320.7 453.5
1326.6 455.75
1349.3 460.25
1354.4 454.25
1341.3 449
1324.2 445.5
1322.8 451
1342.1 446.25
1332.8 457.5
1335.8 455.75
1324.3 464.75
1331.9 472.25
1336.3 490.75
1342 492
1356.5 487.25
1338.4 481
1344.8 472.5
1347.5 462.25
1347.2 466.25
1351.2 475.25
1346.8 476.75
1336.7 463.25
1322.5 461.5
1331.4 472.5
1321.2 486.25
1316.3 480.75
1320.3 495.5
1316.2 512.5
1303.8 529.75
1302.6 525.75
1310.7 540.5
1312.7 527.5
1312.2 514
1312 517.75
1311.3 514.5
1320.8 507.75
1319 489.5
1316.5 480.5
1288.9 493.5
1290.2 494.25
1288.2 497.5
1290.2 518.25
1290.2 507.25
1291.7 521.5
1289.3 531
1303.7 530.25
1303.3 543
1298.7 536.5
1301.5 522
1300.1 526.25
1294.8 523.25
1293.1 505.25
1297.5 510
1297.1 519.75
1298.7 526.75
1298.1 520
1298.9 514.5
1295.1 534.5
1296.9 516.5
1304 501.5
1274.6 499.5
1276.2 490
1275.6 477.75
1271.2 488.25
1267.2 495.25
1267.4 491.25
1265.6 476.75
1256.6 469.5
1252.8 479.5
1247.8 479.5
1251.3 497.5
1239.8 480.25
1251.6 491.5
1257.3 504
1254.3 512.75
1258.1 507.75
1253.8 489.5
1242.8 469.75
1245 482.5
1239.6 481.5
1238.1 488.5
1225.7 497.75
1226.3 494.5
1222.4 504.25
1229.5 516
1224 513.75
1223.9 510.25
1231.4 542.75
1225.3 536.5
1222.6 530.5
1221.3 546.5
1223.7 553.75
1217.9 558.25
1210.6 560.5
1214.2 556.25
1208.6 574.5
1209.6 568.25
1212.6 570
1211.9 564.5
1211.1 546.75
1191.3 533.5
1193 541.75
1177.5 532.25
1176.2 542.25
1176.5 560.5
1186.8 542.25
1192.6 527.25
1196.3 526
1187 522
1206.3 514.75
1209 499.25
1207.4 498.25
1204.5 515.75
1197.7 508
1200.3 518.5
1192.7 502.75
1194.9 493.75
1197.9 486
1193.6 486.25
1193 504
1195.4 493.75
1204.7 481.75
1202 471.75
1195 480
1199.7 506.25
1196.8 510.5
1202.2 522.5
1206.2 524
1196.2 521.75
1199.3 527
1200 520.75
1194 517.5
1182.3 513
1191.5 509
1187.1 509.5
1202.4 519.25
1198.3 515.25
1197.2 518
1201.2 521
1184.4 514
1187.2 515
1189.3 510.5
1223.5 508
1218.1 517.25
1226.4 525
1227.3 523.5
1223.7 517.5
1226.5 513
1225.3 514.75
1221.2 508
1233.4 509
1227.8 499.5
1229.1 487.25
1232.5 505.25
1224.5 507.25
1222.6 499.75
1212.3 500.5
1236 508
1230.9 508.75
1229.8 507.25
1223.8 512
1226.2 510.25
1222.9 507.75
1206.4 502
1201.3 519.75
1199.2 507.75
1207.9 503
1212.8 505.5
1220.8 506.75
1223.1 498.5
1219 500.75
1225.8 498.75
1221 499.75
1220.2 507.5
1211.2 498
1221.4 497.5
1224.1 496.5
1220.2 515.75
1233.9 515.75
1241.1 519.25
1238.1 505.25
1246.8 519.5
1243.7 514.75
1241.9 509.75
1244.4 515.25
1242.7 527.75
1237 527.75
1252.1 522.5
1263.6 523.5
1253.8 514
1267.5 516.5
1269.2 510
1277.3 510.5
1279.9 511.5
1278.3 503.25
1281 506.75
1291.8 513.75
1282.7 517
1286.8 516.75
1283.2 517.75
1289.3 520
1284.7 513.75
1287.1 519.5
1289.1 514.25
1286.2 511
1291.6 512.5
1291 517.75
1281.3 517.75
1282.5 521.25
1283.1 526
1279.1 521.5
1297.4 520
1302.4 518.75
1308.2 513.25
1309.9 516.75
1319.7 516.5
1316.9 524.25
1314.3 525.75
1314.2 527.25
1309.5 526
1309.4 513.25
1313.7 517.25
1307 518.25
1309.2 520
1310.8 522.25
1309.8 507
1318.1 504.25
1340.1 489.75
1343.3 480.75
1323.5 486.5
1329.2 486.75
1325.9 466.75
1325.1 460.25
1317.7 461
1312.8 452.5
1296.4 454
1284.8 446.75
1282 454.25
1284.9 440.5
1283.8 431.5
1297 432.75
1288.8 422.25
1296.3 446.25
1307.5 440.25
1293.4 448.25
1301.8 462.25
1300.3 456.75
1305 456.5
1300.5 464.75
1306.1 466.5
1311.6 466
1321.9 469.5
1314.3 469.25
1309.9 469.5
1289.8 464.5
1293 457.75
1288.4 462.75
1290 464
1289.9 471
1289 470.75
1290.4 467.75
1297.1 465.25
1303.5 459.5
1309.1 458
1288.6 460.5
1290.6 464.5
1286.8 459.5
1272.6 445
1272.2 447
1271.9 444.25
1273.5 435.75
1269.3 438.75
1275.5 432.25
1275.8 434.75
1284.9 435
1278.6 426.75
1282.8 418.5
1281.4 425
1269.7 433.25
1279.2 428
1281.7 428
1283.5 430.5
1279.4 431.25
1283.5 421.75
1285.7 419
1300.1 431.25
1294.7 439.25
1296.3 448.75
1285 467
1274.5 465
1276.1 478.25
1272 478.75
1273.6 472.75
1284.8 470.25
1283 489.5
1276.5 504.75
1280.6 490.5
1287.1 514.5
1305.8 503
1322.7 519.75
1323.4 507.25
1328.3 490.75
1337.6 510
1341.2 504.5
1324.7 507.5
1326.4 518
1331.9 526.25
1339.2 535.5
1340.1 538.5
1338.7 539.5
1346.6 531.5
1344.6 522.25
1392.9 526.5
1396.2 526
1414.3 538
1414.9 535.75
1411.6 543.75
1408.4 547.5
1409.7 528
1385.6 514
1404.6 503.5
1417.7 518
1396.7 519.25
1397 516.75
1397.5 509.75
1410.1 511.75
1404.3 536.25
1409.9 536.25
1411.4 507.75
1409.2 507.5
1421.3 505.5
1426.1 493.5
1425.1 502.5
1425.3 487.25
1420.1 487.25
1422.8 497.75
1413.9 499.5
1418.5 496
1419.6 503.5
1429.7 497.25
1426.1 487.25
1420.9 475.75
1445.6 490.75
1464.6 494.5
1472.4 484
1507.3 488.25
1497.7 498.5
1496.6 499.5
1505.3 471.75
1502.2 472
1515.9 473.75
1519.6 469
1512.5 470.75
1500.4 465.5
1504.6 460
1504.6 462.5
1497.3 467.25
1526.6 475.25
1526.3 473
1541 473.75
1537.8 472.25
1526.5 469.75
1519.1 451.25
1545.9 447.25
1550.3 456.25
1515.4 464
1506.2 460.25
1502.2 474.5
1490.3 484.5
1494.4 477.5
1498.7 485.75
1490.9 485.75
1503.1 488.75
1505.1 484.25
1507.5 489.5
1498.4 488
1507.3 484.25
1523.7 483
1532.1 481.75
1504.6 477.25
1507.5 484.25
1499.1 487.25
1465.7 495.75
1482 498.75
1501 489
1507.1 488.75
1506.2 490.5
1497.7 489.25
1497.2 500.25
1506.1 500.25
1494.8 493
1482.7 508
1491.7 511
1477.6 507
1488 513.25
1492.3 525.5
1488.2 532.25
1482.4 523.5
1481.7 518
1489.9 520.75
1498.9 516
1499.5 517.75
1490 511.75
1487 511.5
1493.2 509.25
1511.4 508.75
1508 516
1508 509.75
1480.8 515.25
1490.2 516.75
1464.2 512.5
1461.3 510.25
1455.5 505.75
1452.1 517
1461.7 509
1471.8 507.75
1467.3 502.75
1470.9 507.25
1473.3 512
1473.3 515.5
1463.1 509
1463.1 515.25
1456.6 531
1459.8 530.25
1453.4 528.5
1465.6 547.5
1462.3 543.25
1478.2 530.5
1474 535
1476.9 532
1459.1 532.5
1459.3 532
1462.6 534.75
1469.4 530.75
1466.7 539.25
1475.6 539.25
1475 549.75
1474.6 556.25
1472.6 548.25
1478.2 545.25
1474.7 542.25
1482.5 539.5
1499.1 541
1509.3 549
1513.8 556.25
1514.5 556
1519.5 558.75
1524.5 560.25
1549.2 554.5
1566.2 550
1571.8 550.25
1557.4 552.75
1551.7 562.25
1557.5 564.5
1548.4 562.25
1542.4 568.5
1552.1 573.25
1549 565.25
1558.8 570.5
1556.4 581.5
1555.3 577.75
1564.6 580.5
1571.1 573.5
1576.8 572.25
1569.2 569.75
1569.8 562.25
1583.5 560.5
1582.9 553.75
1577.2 555.5
1550.4 557.25
1557.8 562
1565.1 556.25
1568.6 558.75
1574.7 552
1565.6 542
1567.4 547.5
1575.1 544.25
1582.7 542.75
1600 566.75
1607.5 565.25
1616.6 560
1644.6 551
1672.4 536.25
1646.9 539
1640 540.25
1640 529.25
1564.1 529
1592.3 526.25
1642.1 528.75
1641.1 521.5
1666.4 524.25
1670.8 521.25
1674.5 522.25
1659.1 526.75
1641.4 517.25
1589.3 508.25
1515.7 514.75
1485.9 498
1524.9 499.25
1477.3 508.25
1478.6 535
1484 539.25
1567 562.5
1660.2 561.5
1632.3 580
1650.1 569
1623.9 571.25
1622 569.5
1583.4 568.75
1578.2 550.25
1625.7 541.75
1633.7 549.25
1677 555.75
1664.8 549.25
1665.4 548.25
1736.2 556.5
1744.8 555
1756.7 548.75
1727.2 540.25
1720.4 529.75
1689.2 533.5
1701.6 548.75
1678.2 546.75
1728.7 543
1733.3 547
1723.5 526.75
1711.9 521
1710.5 526.75
1703.4 519.5
1684.2 529.75
1694.5 521.5
1706.9 524.25
1704.4 525.5
1684.2 524.75
1721.8 529
1709.9 529.5
1695.3 524.75
1704.4 521.75
1713.9 510.5
1738.1 510.5
1753.4 500.25
1731.8 497
1744.2 498.75
1750.6 513.75
1720.5 516
1734.6 508.75
1704.8 506.75
1710.3 504.5
1713.3 514.5
1736.9 520.75
1737.8 515.25
1725.2 508
1697.8 512
1718.9 523.75
1676.2 515.25
1698.3 511.5
1714.7 504.5
1713.3 506.25
1732 499.25
1729.3 502
1720.3 504.75
1729.6 496
1729.2 488.75
1724.8 483.5
1745.9 481.25
1756.7 485
1772.1 486
1765.8 481.25
1762.1 486.75
1772.5 474
1774.8 485.5
1793 490
1773.2 498.75
1784 490
1788.5 489.5
1804.2 492.25
1815.5 517.5
1799.2 526.25
1798.2 535.75
1811 524.75
1810.6 524.75
1811.4 550.75
1798.7 535.25
1808.3 534.75
1815.9 522
1842.4 527.75
1864.1 534.5
1889.1 529.5
1897.3 539.5
1931 527.75
1944.7 523.5
1953.5 532.75
1942.3 529.5
1962.8 531.25
1966 521
2001.2 508.25
2031.1 510.75
2051.5 501.25
2010.1 495.5
2024.4 491
1932.6 495
1934.9 491.25
1956.7 496.75
1937 500
1985 516.5
1999.4 507.5
1958.7 512
1933.8 519.5
1934.6 527.25
1927.7 520.75
1911.8 527.25
1940.7 532
1921.6 542.5
1964.6 539.25
1967.6 544.25
1968.2 555.75
1934.4 547.75
1927.6 543.25
1923.9 539.75
1933 533.25
1944.7 534
1954.2 540
1937.8 533.75
1953.1 548.5
1956.3 538.25
1960.2 542
1940 556.25
1952.1 575
1901.2 554.75
1898.6 558
1859.9 549
1868.3 549.75
1857.7 544.25
1872.8 550.25
1894.3 549.5
1887.5 578
1908.4 570.25
1900.2 573.25
1912.5 584.25
1901.1 592.75
1883.6 607.5
1888.6 595.25
1919.5 593.75
1922.5 594.25
1888.5 594
1901.3 596.75
1903.2 618.25
1900.8 625.25
1906.4 627
1910.4 632
1924.6 629.75
1901.1 622.75
1902 632.75
1902.7 620
1908.8 615.75
1876.2 608.75
1865.6 603.75
1877.4 598.5
1890.4 607.5
1908.5 608
1894.6 606
1945.3 609.25
1950.3 602
1853.2 597.5
1875.4 608.5
1860.7 598
1872.6 588.25
1885.7 593.5
1887.3 598
1884.5 595.25
1873.5 597.75
1861.1 591.75
1872.6 593.25
1837.8 598.75
1804.8 611.25
1805.7 588.25
1781.9 596.5
1775.7 580.25
1814.1 565.5
1825.7 578
1836.8 571.75
1835.9 566.5
1861.8 571.25
1870.8 563.75
1834.6 577
1833.6 590.25
1839.8 608.25
1828.7 593.5
1852.3 599.75
1856.1 598.5
1887.2 608.75
1885.7 608.25
1879.2 611.25
1866.6 617
1874.7 629.75
1879.9 627
1877.2 614.25
1879.7 618.5
1891 640.75
1893.1 640.5
1944.7 642
1952.7 654
1906.9 647.5
1912.3 642.25
1834.1 638.75
1849.6 634.75
1842.9 665
1853.6 660.5
1850.3 670
1829.3 675.5
1839.5 672.25
1865.9 667.75
1865.3 660.75
1855.7 634.5
1854.9 648.5
1850.7 665.25
1844.9 658.25
1837.9 647
1847.3 663
1860.8 651
1830.5 644.75
1832.2 648.25
1788.9 637.5
1810.9 641.25
1831.9 655.75
1835.3 649.5
1840.6 635.5
1824.9 633.5
1821.6 636.75
1797.2 657.5
1771.1 644
1773.4 662.5
1775.8 650.75
1806.7 664
1804.4 665.75
1796.4 680.25
1774.4 671.75
1728.1 655
1722.5 643.75
1733.1 663.25
1715.3 652
1700.2 649.75
1698 654
1677.7 646.5
1716.6 656.5
1721.5 650.75
1722.3 636.25
1719.5 631.75
1728.9 645
1730.6 647
1726.8 640
1732.2 630.5
1741.4 627
1737.8 627.25
1724.7 634.75
1732.9 624.75
1724.9 612.5
1732.2 613.25
1712.1 616.75
1683.9 601.75
1713.8 618
1726.5 611
1727 618
1741.5 615.5
1740.1 616.25
1756.8 628.75
1743.3 638.75
1731.2 628
1746.2 629.75
1734.9 648
1765.4 653.75
1779 652.5
1769.4 652.25
1777.3 659.75
1792.3 673.25
1781.2 710.25
1777 710.25
1779.2 739.5
1778 733.75
1773.2 725.25
1768.1 737.5
1767.3 742.5
1791.4 725.5
1775.8 737
1784.1 755.75
1815.5 764.25
1831.1 773.5
1837.5 742.5
1835.9 759.75
1822.6 754.75
1823.8 726.5
1837.9 727.25
1867.5 699.75
1867.8 698
1881.3 679.25
1881.8 675.25
1876.7 674.25
1884.6 662.25
1898.1 656.5
1901.3 648.5
1895.7 676.25
1902.5 663.5
1902.9 693.5
1907.5 687.5
1871.2 676.25
1889.8 687.75
1896.8 680
1892.2 685
1893.2 682.25
1894.2 683.75
1877.4 680.75
1864 674.5
1854.5 661.5
1859.5 662.75
1773.8 639
1767.9 662.75
1781.8 661.5
1776.3 651
1782.3 661.25
1775.6 651.25
1776.6 637
1779.6 646
1762.8 639.75
1770.8 671.5
1775.9 658.5
1782.6 645.75
1793.5 620
1801.5 614.75
1799.6 612.25
1810 608.5
1805.5 635
1809.4 628.75
1824.3 645
1828.4 672
1814.5 692.5
1808.7 697.75
1810.9 700.5
1802.9 710.75
1805 692.25
1801.4 684
1798.7 677
1799.5 674.5
1799.5 688.75
1831.2 705.25
1812.6 703.75
1818.1 729.5
1810.1 724.5
1810.5 717.25
1805.1 712.75
1760 719
1723.4 711.25
1728.8 727
1750.4 727
1749 753.5
1775.2 762.25
1786.9 760.5
1785 734.5
1781.6 737.25
1780.2 727.5
1781 714.25
1803.2 719.75
1805.6 718
1788.2 711.25
1792.2 725.25
1816.6 718.5
1809 708.75
1815 706.75
1813.1 701
1808.7 704
1830.9 714.5
1795.9 708.75
1790.7 698.25
1797.4 681.5
1789.6 675
1792 674.5
1804.7 685
1792.4 712.25
1754.6 713
1749.4 708.75
1761.8 700.75
1776 690.25
1776.7 705.75
1747.7 717.75
1749.7 723.75
1750 722.25
1735.8 706.5
1721.5 710.25
1755.3 725.5
1757 755.25
1766.2 756.5
1759.6 744.75
1760.5 746
1757.9 741.25
1756.3 734
1754.6 731.75
1758.3 734
1793.7 718.75
1796.7 724.75
1767.2 734
1764.8 736.25
1769.7 736
1784.1 749.25
1781.2 741.25
1795.5 756
1806 759.5
1792.7 752.25
1797.9 759.75
1801.6 772.5
1783 772.75
1795.1 797.25
1788.7 791.5
1763.6 781
1793 773.75
1816.4 766.5
1827.4 768
1830.2 778.5
1847.6 803
1863.2 812.5
1867.9 817
1866.1 826.25
1853.6 810.25
1869.7 822.25
1861 820
1851.2 823
1806 845.75
1783.5 856
1784.1 836.75
1785.3 825.5
1782.3 807.5
1773.6 773.75
1781.6 778.5
1760.7 806.5
1782 794.5
1777.5 797
1782.6 799.25
1783.4 791.25
1774.6 773.5
1782.9 782
1786.3 785.5
1770.4 785.5
1762.6 756
1796.6 770.5
1803.8 775
1793.7 777.75
1787.9 799
1801.6 814
1811.2 814.75
1808.1 804
1810.2 783.5
1805.1 787.75
1812.7 779.75
1827.5 770.75
1799.4 758
1814 770
1824.6 760.75
1788.7 746
1797 758.5
1798.4 762
1818.6 770.25
1827.2 757.75
1821.2 746.75
1816.5 741.5
1812.3 769
1843.1 796.5
1842.5 790.25
1831.8 780
1841.7 800.5
1852.7 818
1829.9 795
1793.3 777
1784.9 786.25
1795 761.25
1800.3 769
1809.2 755
1803 751.75
1806.6 763.25
1820.6 768.75
1826.6 778.75
1835.2 785
1836.2 771.5
1840.8 797.75
1868 799.25
1854.8 779.75
1870.2 780.5
1900.7 798
1898.6 797
1906.1 844.25
1909.2 876
1925.1 926
1886.5 843
1899.4 928
1942.4 1001.75
1920.9 1058.5
1934.4 1289
1965.1 1348
1993.9 1425.25
2040.1 1273
1985.9 1199.5
1998.1 1073.75
1982.7 1090
1959.6 1090
1928.5 1154.25
1908 1069.25
1942.1 1098
1928.2 1063.75
1928.6 1119.25
1920.7 1118.25
1936.6 1105.75
1961.6 1085.75
1953.8 1102.25
1939.6 1057
1912 1014.25
1933.5 1027.25
1949.2 1006
1919.1 984.5
1929.2 1010.25
1922.9 1045.25
1918.4 1038.25
1933.8 1020
1941.6 1051.5
1944.3 1081.25
1972.1 1103.75
1981 1113.5
1970.9 1096.5
1982.9 1120.5
1955.7 1099
1952.3 1088
1944.9 1068
1931 1065.5
1893.2 1062
1901.4 1083.25
1885.9 1080
1888.7 1074
1909.3 1043.75
1861.8 1043.5
1868.8 1033.75
1867 1066
1874 1096
1881.2 1097
1857.1 1083.25
1839.9 1083.25
1852.6 1108.75
1823.8 1174.5
1807.4 1167.25
1813.5 1247.5
1818.2 1277.5
1815.9 1230.75
1841.2 1200.5
1841.8 1168.75
1847.8 1190
1865.1 1154.75
1846.2 1148.25
1847.4 1143.25
1851.3 1157.5
1842.7 1087.5
1843.3 1041.25
1866.5 1058.25
1845.4 1040
1839.2 1093
1847.5 1071.75
1851.9 1074.75
1848.8 1071.25
1871.5 1070.75
1828 1071
1809.5 1050.25
1815.3 1050
1845.7 1078.25
1835.6 1034.25
1834.6 975.25
1834.3 976.5
1825.7 937.25
1826.5 923.75
1820.9 904
1817.5 921.25
1813.7 915.5
1804.1 868.75
1798.9 831.25
1761.8 793.75
1734.9 792.25
1737.9 824.5
1740.6 879.25
1730 843.75
1723.3 801.5
1734.2 798.25
1704.5 794.25
1702.4 776.75
1709.2 812.75
1710 812.25
1699.5 819.5
1712.7 806.25
1727.1 759
1719 770
1717.7 803.75
1719.1 790.25
1750.3 817
1762.9 807.75
1769 800.25
1771.1 774.75
1758 763.75
1788.5 782.5
1772.9 775.75
1786.8 779.75
1794 781.5
1795.6 799.75
1789.7 810.75
1798.6 806
1781.4 800.75
1773.2 786
1760.3 763.25
1755.3 731.5
1747.6 753.25
1734 770.5
1746.8 782.75
1747.8 795
1757.7 769.75
1736.1 784.75
1736.6 820
1723.2 798.25
1712.8 809
1696.6 775.5
1709.8 793
1700.4 800
1715.3 826.5
1708 810.5
1716.2 853.25
1728.1 841.25
1705 842.75
1696.5 853.75
1665.4 845
1671.7 859.75
1666.2 830.5
1659.7 893.75
1664.6 903.75
1670.8 910.75
1645.3 880.5
1623.3 858
1626.7 871.5
1660.4 903.25
1658.5 896.25
1662.4 921.5
1692.9 912
1721.1 903
1711.4 902
1711.7 879
1700.5 880.25
1667.3 938
1678.7 901
1670.3 882.25
1670 892.25
1641.7 859.75
1657 861
1649 849.5
1627.5 841.25
1630.8 849.25
1651 850.75
1648.7 838.75
1652.8 834.75
1664 840.5
1660.7 838.5
1639.6 829.25
1635.9 882.25
1645 902.5
1645.7 846
1627.3 840.5
1672.5 847.75
1676.5 845.75
1712.1 827.75
1710.1 806.5
1750.3 803.5
1766 813.75
1773.6 818.5
1773.8 828.25
1773 817.5
1760.8 806.75
1751.9 803.25
1737.4 799.25
1738.3 791.5
1744.9 793.5
1753.3 775.5
1740.1 756.75
1748.4 757.75
1746 771.5
1801.1 758.75
1795.9 737.25
1767.4 715.5
1769.3 705.5
1785.5 727
1788.7 724.25
1798.1 712.75
1780.5 733
1813.9 728.75
1807.5 728.25
1777.2 757.25
1790 753.5
1787.7 748.5
1815.9 750.5
1815.9 767.75
1787 762.25
1795.9 776
1814.8 774.5
1807.9 785.5
1819.5 774
1819.7 792
1839.7 775.5
1852.8 745.5
1834.8 746.75
1864.2 743.5
1872.7 741.5
1871.6 731
1874.6 740
1895.5 742.75
1918.4 743.75
1907.2 751.75
1904.4 742.5
1922.1 734.5
1926.4 741.5
1927.1 720
1933.9 734.5
1941.2 741.25
1929.1 752.5
1928.6 750
1922.9 752.5
1929.5 761.25
1927.8 759.75
1916.3 761
1862.9 756.75
1866.2 750.25
1871.7 749.75
1877.4 764.75
1866.2 757.25
1862.8 786
1851.9 792
1854 786
1834.2 769.25
1842 765
1840.4 765.5
1833 750.5
1832 736.5
1818 738.25
1808.8 708.25
1817 696
1828.9 691.5
1837.7 697
1833.5 701.25
1847.7 695.75
1847.9 682.5
1813.9 684.75
1812.7 674.5
1829.3 653.5
1862 666.75
1911.7 672.25
1906.2 686.5
1926.6 702.75
1919 699
1969.8 710.5
1979.2 700.75
1938 683.25
1946.8 663.5
1993.8 662
1982.1 688.5
1952.4 698
1972.4 699.75
1966.1 704.75
1980.3 692.25
1969 692.25
1983.9 693.5
2022.2 691.5
2020.9 682
2011.9 675.5
1989.1 678.5
2004.8 674
2010.9 679.5
2041.3 667
2002.2 682.5
1994.2 696.5
2007.4 698
1995.2 681.75
2007.6 667.75
1979.5 661.75
1989.1 643.5
1994 638.75
1985.7 627.25
1989.9 614.75
1990.1 619.75
1983.4 603.75
2014.3 595.5
2028.6 626.25
2048 631.5
2017.4 647
2026.3 641
2036.2 630.5
2030.5 628.25
2014.7 614.25
2014.5 624.5
2018 660.75
1988.4 647.5
1980.7 625.5
1956.5 611.75
1978.7 605
1974.8 606.25
1972.4 622.25
1962.8 606.25
1943.1 604.25
1944.1 616
1958 591
1963.9 594.25
1978 610.75
1952.4 619
1958 624
1965.5 627.75
1942.7 616.75
1963.6 626.25
1962.2 630.25
1955.3 633.75
1944.6 636.25
1955.3 630.25
1957.8 661.5
1958.4 688
1935.5 695.75
1933.3 734.5
1912.7 739
1919.1 733.25
1923.7 724.25
1914 685
1912.3 655.75
1909.2 653
1921.1 636.25
1921.7 628.5
1919.6 662
1908.7 647
1926.2 639.5
1925 636.25
1931.3 649.5
1956.2 621.25
1959.2 627.5
1960.1 641.5
1952.4 653.75
1977.2 670.75
1977.5 727.75
1968.3 727
1964.3 697.5
1960.3 757.5
1962.1 760.25
1968.9 720
1945.4 712.75
1960.4 704.25
1970.5 665.75
1940.7 652.25
1937.4 640
1932 627
1939.6 633
1933.5 657.5
1924.1 656.25
1915.4 635
1914.4 637.75
1912.9 626.75
1910.6 616
1902.5 598.5
1896.1 597.75
1884.1 589.5
1886.1 613.25
1893.3 599.25
1896.4 601.75
1918.5 612.5
1918.2 604
1911.1 593.25
1917.9 588
1936.5 569.75
1944.3 576.75
1938.2 573
1939.8 567.5
1926.2 572.5
1918.1 581
1917.5 571.5
1918.4 567.25
1923.3 556
1911.3 560.25
1909.1 569
1910 567.5
1923.7 604.25
1931.5 591.25
1932 584
1945.6 588.75
1919.2 575.75
1925.4 579.5
1916.6 589
1900.4 589
1871.6 579.5
1860.4 578.75
1848.1 541.5
1830 564.75
1824.6 568.5
1818.5 560
1816.6 578.25
1830.2 568.25
1849.5 572.75
1861 558.5
1872.8 556
1869.3 571.5
1927.4 579.75
1921.1 577.25
1922.7 570.5
1955.3 580.25
1968.4 594
1982.5 586
1976.3 587.25
1975 580.5
1984.1 568.5
1987.2 579.5
1988.6 575.5
1996.2 566
1985.2 556.25
1978.8 561.75
1985.6 565.5
1991.5 572.5
1981.6 575.75
1966.8 570.25
1951.5 592.25
1964.2 580.75
1932.6 575.25
1945.5 579
1961.8 572
1960.1 560.5
1983.9 553.5
1981.6 550.75
1977.7 543.5
1999.3 555
1991.4 555.75
2002.2 548.75
2011.8 534.25
2039.7 543.75
2047.1 556
2038.1 570.25
2071 577
2024.1 595.75
2018.5 620.75
2030.5 615.75
2029.9 626
1998.3 615
1978 591.25
1977.8 607
1982.3 585.25
2030.2 594
2021.1 629.25
2026.3 617
2038.4 622.75
2034.5 610
2039.1 612.5
2057.1 616.25
2058.2 636.25
2081.9 623
2073.9 631.5
2062.4 628
2064.4 606.75
2034.2 600.25
2042.3 613.5
2042.4 616
2026.6 596.25
2026.4 610
2021.7 610.75
2014.3 603.75
2046.7 596
2026 582
2002.6 582.5
2018.6 585.5
2026.5 593.25
2019.8 596.5
2023.7 596.5
2013.9 610.75
2016.9 612.25
2016.8 600.25
2025.2 593.5
2031.5 605.5
2048.4 595.25
2053 601.5
2036.1 599.75
2025.7 590.25
2034.5 595
2035.2 602
2032.2 588.5
2023.3 596.75
2018.2 597.5
1992.9 597.5
1990.3 585.5
2002.1 567
2011.5 560.5
2027.5 582.75
2022.3 583.25
2019.7 583.25
2038.6 573.5
2028.5 577.25
2034 586
2033 571
2045.7 577.5
2086.9 560
2117.7 563.5
2133.5 545.75
2150.3 521.25
2158 520.75
2178.6 526.75
2182.5 537.5
2160.4 535.5
2175.4 532.25
2163 519.5
2157.3 528.5
2160.7 542.75
2156.3 552.5
2157.9 545
2182.4 546.75
2158.1 554.75
2174.8 555
2175.6 543.5
2190.6 547.5
2217.4 560.25
2236.5 557
2261 545.25
2294.4 556
2288.8 556.25
2325.7 567.25
2331.7 565.75
2343.5 557.75
2329.6 558.5
2354.8 551.75
2356.2 556
2365.8 551.75
2390.8 549.75
2371.7 537
2382.3 536.75
2398.4 550.25
2332.2 570.25
2327.7 585
2324.5 594.5
2329.8 602.25
2334.8 603.25
2345.4 590.25
2291.4 585
2299.9 581.5
2299.2 586.5
2299 606
2321.6 632.25
2315.2 624.75
2313.6 616
2332.1 619.75
2367.3 645.75
2336.1 670.25
2353.4 657
2388.7 665.75
2380 663.25
2412.2 651.25
2433.9 688.75
2421.7 697.5
2389.2 693
2335 698
2332.5 697.25
2355.2 700.25
2340.3 692.75
2342.9 681
2322.9 678.5
2346.6 672.75
2325.5 658.25
2354.1 646.75
2370.3 639.5
2305.2 627.5
2307.7 607.5
2307.5 626.5
2336 617
2300.2 620
2331.4 612.75
2312.4 591.5
2330.4 582
2353.8 572.75
2316.4 561.5
2330 552.5
2316.6 541.75
2299.2 541.25
2324.5 559.75
2327.7 553.5
2327.6 569.25
2323 561.5
2359.8 554.5
2388.5 572.25
2355.2 553
2360.1 554.25
2372.2 543.5
2415 554.25
2414 538
2422.9 532.5
2462.4 530.75
2454.8 539.25
2451.8 535.25
2395.5 542.75
2392 548
2404.6 542.75
2413.3 547
2351.9 537.75
2380 523.5
2377.3 531
2405 524
2426.5 527.25
2435 532
2425.7 539
2401.7 539.5
2389.1 543.25
2390.5 538.25
2422.2 537.5
2432.1 542.5
2462.4 536.75
2466.7 528.75
2439.4 534.75
2453.1 528.25
2498.6 530
2501.8 528.25
2511.3 533
2508.4 519.75
2478.9 511
2508.4 502.25
2517.7 498
2516 508.25
2501 514.25
2525.7 525
2493.8 532.75
2489.9 552
2493.4 565.25
2511.4 561
2493.5 553.25
2501.8 555.5
2512.3 558.75
2512.1 563.75
2551.2 563
2581.3 571.25
2580.4 578.5
2564.3 575.75
2570.7 575.75
2588 565.5
2619.9 568.5
2626.5 582.5
2651.2 578
2659.2 589.25
2669.9 584.25
2644.3 580
2636.1 584
2667.3 599
2647.1 615.25
2657.1 603.5
2645.8 589.75
2644.8 592.5
2615 594.75
2606 599
2620.6 603.75
2657.6 599
2647.8 585.25
2661.4 579.5
2674 585
2691 589.5
2713.7 572.75
2723.1 572.25
2744.2 576
2714.4 578.5
2734.9 581.5
2740.9 569
2742.9 558.75
2768.4 570.5
2788.5 573.25
2738.3 570.5
2738.6 568
2736.1 568.75
2740.3 572.5
2667.6 573.25
2698.4 571.5
2687.5 572.5
2611.2 565.5
2600 552.25
2580.8 541
2568.2 530.25
2565.7 536.5
2610.6 547.25
2627.1 549.75
2648.2 552.5
2672.1 548.75
2709.9 544.25
2616.8 535.75
2620.3 539.5
2639.9 537.75
2657 532.25
2634.9 537.5
2644.7 536.75
2653.8 538
2626.6 546.75
2638.6 542.5
2664.9 541.25
2697.6 542
2733.8 543.5
2687.5 538.75
2656 526.5
2651.4 550
2644.4 545
2636.5 541.25
2592.2 533
2628.7 533
2612.3 540.5
2620 534.75
2638.8 541
2617.2 546.5
2606.1 548.25
2629.2 551.5
2658.9 545.75
2645 529.25
2638.4 540.5
2656.7 542.5
2664.5 536.25
2683.8 534
2708.5 530.75
2673.5 545
2677.5 546.25
2712.5 547
2746.4 537.5
2744.3 538.75
2755 558.75
2767.6 554
2763.1 554
2777.3 544
2737.5 535.5
2766.8 545.25
2769.1 562.5
2823 566.5
2812.5 559.5
2833.9 566.75
2853.3 577
2871.6 572.25
2856 587.75
2867.3 582.75
2914.3 579.5
2912.5 577
2909 574.25
2925.9 577.75
2883.6 600
2931.6 604.75
2919.4 592
2940 585.5
2937.6 590
2947.9 579
2904.5 572.75
2916.8 566
2883.2 546.75
2836.8 537
2890.2 532
2909.6 518.5
2915.3 530.75
2916.6 537
2904.7 533.75
2891 545.25
2912.9 541
2939.1 538.75
2984.3 547.25
2994.5 545.75
3000 568.5
3035.1 565
3035.9 563.5
3040 557.25
3018.2 558.25
3013.1 548.25
3023.7 543.25
3020.9 535.25
3060.2 532
3086.5 528.25
3122.8 537
3163.8 552.25
