271.4 36.88
271.9 36.5
269 37.5
270.3 33.95
271.8 32.65
274.1 31.57
273.9 31.5
278.4 31.5
275.6 30.3
273.6 30.86
273.1 32.15
271.6 32.07
270.3 31.5
270.6 30.65
269.3 30.85
270.1 31.88
272.4 33.15
270.5 33.15
276.4 36.1
272.4 35.05
271.5 33.1
271.1 32.95
270.3 33.55
270.1 32.95
270.1 33.73
266.2 32.96
264.9 33.75
264.4 32.7
264.3 32.81
264.4 32.54
264.5 32.86
264.3 33.4
265 33.29
265.8 33.95
264.3 34.43
264.9 34.85
265.1 35.6
265.8 35.05
265.7 35.6
266.3 35.22
265.7 35.15
266.3 35.4
270.1 35.38
269.8 34.25
266.4 34.63
270.1 33.8
268.7 32.05
270.7 31.3
269.7 29.65
273.7 26.05
275.2 26.45
271.7 25.85
272 26.8
268.4 27.2
263.3 30.35
263.2 29.65
264.2 30.45
264.3 32.1
266.4 32
266.1 29.57
264.3 29.05
264.5 29.36
262.8 29.78
262.8 29.06
265.5 29.06
265.6 28.7
268.5 29.8
267.1 31.25
265.2 30.5
263.3 30.35
262.8 31.2
260.1 31.56
259.9 31.05
260.7 30.55
259.4 29.75
255.1 28.8
258.2 29.16
256.1 28.58
258.2 28.55
258.5 28.82
265.8 28.44
267.4 28.12
266.8 27.42
265.2 27.65
262.1 27.84
261.4 28.95
270.8 27.8
271.6 28
260 26.65
258.1 26.7
259.8 26.18
260.5 25.9
261.9 26.8
261.1 26.52
261.5 27.3
261.9 27.46
261 27.75
259.7 26.25
258.8 26.35
255.6 25.59
258.4 27.12
258.1 27.26
260 27.06
258.3 27.34
257.3 28.48
258.7 28.18
260.1 28.25
263.3 28.79
261.1 28.24
261.3 27.95
265.3 27.83
264.8 27.28
263.7 27.61
264.1 26.86
262.4 27.29
264.4 28.44
263.9 28.27
264 28.46
264.4 28.94
265.4 27.8
266.3 28.45
266.1 28.36
266.1 27.77
270 28.23
269.1 28.52
268.3 28.71
268.1 28.98
272 28.86
273.6 28.91
287.4 29.91
285.4 29.98
285.1 29.74
283.6 29.58
279.1 28.41
277.9 28.38
273.8 28.66
265.7 28.55
265.3 28.37
266.4 27.93
264.9 28.13
265.7 28.24
265.7 27.72
266 27.75
273.4 28.4
271.5 29.18
272 28.84
275.3 29.04
271.2 28.51
272.4 27.55
273.4 27.48
272.4 26.5
272.6 26.56
272.3 26.83
273.7 27.25
276.2 26.98
272.1 25.61
269.3 25.56
270.6 26.25
269.4 25.95
267.6 26.24
265.1 27.02
265.9 28.21
266.5 27.59
266.2 27.49
268.3 27.11
266.6 26.8
267.1 26.59
266.9 26.06
268.1 25.57
270.4 24.89
269.4 24.7
269.9 25.59
268.8 26.12
269.7 26.31
267.7 26.84
266.2 26.73
267.4 27.02
264.6 26.63
266.2 26.35
267.4 26.77
267.4 27.71
267.9 27.62
267.1 27.74
267.2 27.94
267.9 27.54
273.4 27.64
273.9 28.05
276.3 28.01
275.7 27.56
275.2 27.45
279.3 26.63
276.1 27.18
275 27.85
274.9 26.37
275.3 26.63
272.5 26.9
272.6 26.67
272.3 27.17
273.7 27.05
275.4 26.55
271.6 26.93
272 26.95
273 27.58
271.6 27.63
288.1 27.7
291.5 26.72
289 26.59
291.9 25.97
290.5 21.81
293.3 22.38
291.7 22.74
292.4 23.43
292.2 23.28
289.9 22.79
290.5 22.08
290.5 22.63
291.4 22.39
292.4 22.45
288.9 22.48
285.7 22.53
281.8 23.34
284.9 22.5
282.1 22.29
283.4 21.81
279.2 21.31
280.1 21.83
275.5 21.76
276.1 21.85
275.9 22.33
277.9 22.05
279.1 22.15
280.6 21.87
279.5 21.18
279.7 20.39
279.8 20.18
278.5 20.02
279.7 19.92
281 20.09
276.8 21.17
277.4 22.22
278.3 21.23
277.8 21.67
277.8 19.74
275.1 17.45
274.7 18.03
272.7 17.72
273 19.15
272.9 18.96
272.3 18.69
273.2 19.48
274.1 19.22
273.5 18.62
273.9 19.44
276.9 20.09
275.4 19.65
273.7 19.49
273.9 19.04
272.2 18.37
272.2 18.08
278 19.29
277.7 19.22
280.4 19.36
275.5 19.8
276 19.28
278 19.62
277.4 20.9
276.5 20.41
278.7 19.84
278.9 21.01
278.2 20.37
278.9 21.62
278.6 21.48
278.9 21.25
283.4 20.18
287.1 20.38
287.4 19.68
285.4 18.89
284.4 18.9
287.3 18.86
284.4 18.04
283.1 18
281.5 18.6
278.6 19.48
278.1 19.72
278.8 20
278.3 20.05
296.6 25.43
302.2 25.87
302.6 26.23
303.2 26.86
305.9 27.7
302.6 27.56
301.1 26.68
300.1 26.22
300.5 26.55
298.8 25.8
301.7 26.12
302.2 25.02
302.1 23.45
300 24.55
298.8 24.85
302.1 25.92
304.5 26.09
302.3 26.4
303 26.3
304 26.59
304.3 26.43
308.1 26.67
311.6 27.15
311.2 27.52
308.9 27.29
309.1 26.74
308.3 26.35
312.2 26.72
311.2 26.08
311.6 26.62
308.2 27.73
309.5 27.7
311 27.88
310.6 28.45
307.3 29.3
308.7 28.2
309.8 27.97
310.6 28.2
315.7 28.2
315.8 27
318 26.45
322.5 26.15
320.4 25.88
323.9 25.18
325.4 25.72
325.5 24.7
326.5 25.35
326.7 25.11
327.8 25.3
321.2 24.89
324.9 24.93
324.6 24.73
318.7 24.32
319.7 24.18
320.3 24.68
317.7 25.64
319.1 25.87
317.4 26.09
319.2 25.35
319.8 25.3
323.2 25.6
324.6 25.75
324.3 26.47
320.2 26.32
320.5 26.76
319.2 26.86
313.5 26.86
314 26.81
312.8 26.77
310.9 26.8
312.1 26.07
316.1 26.09
314.7 26.77
317.2 26.83
315.6 27.47
319.6 27.07
317.2 27.75
317.4 27.88
317 27.57
323.9 27.83
323.6 26.6
312.7 26.31
311.5 26.87
309.8 26.77
303.4 26.54
302.5 26.55
303.7 27.36
303.2 27.02
304 26.47
307 26.84
307.8 26.58
305.5 27.17
314.3 26.5
310.4 26.67
314.2 26.86
314.1 27.86
314.2 27.9
311.8 28.15
314.3 29.06
313.7 29.33
306 29.84
308.7 30.11
307.6 29.24
306.6 28.84
306.7 28.73
309.4 29.28
312.3 28.83
309.4 28.34
312.9 28.92
312.4 28.98
313.4 27.79
314.9 28.27
318.2 28.98
319.9 29.61
321.3 29.73
317.9 29.73
316.6 29.77
318.9 28.85
316.6 29.81
317.1 29.67
317 29.08
320.6 29.48
322.6 29.5
321.9 29.84
323 30.71
325.9 30.77
322.2 30.64
320.3 30.41
319.7 30.54
323.9 30.47
320.9 30.83
321.5 30.49
321.1 29.76
322.1 29.62
321.9 29.64
318.2 29.48
319.6 29.35
316.5 28.97
316.3 29.37
317.8 30.03
312.6 29.72
314 29.47
311.6 29.62
312.7 29.6
310.9 28.38
313 27.92
312 28.18
310.7 28.2
313.4 27.05
315.2 27.29
317.7 26.86
316.5 26.81
318 27.22
318.8 27.13
318.3 26.95
318.2 26.14
317.5 25.77
320.5 25.38
321.3 25.78
321.2 25.94
324.5 25.9
318.7 25.19
317.9 25.29
320.7 25.51
319.2 26.71
318.6 26.42
317.4 26.98
317.4 26.35
320.7 26.76
317.8 26.11
317.7 26.4
316.8 26.89
317.6 27.24
320.2 27.3
322.2 26.73
324.8 27.29
326.3 26.93
325.8 27.26
323.5 27.75
324.8 27.4
331.4 27.92
333.2 28.44
337 30.1
337.4 30.1
342.1 30.44
345.9 30.56
340.5 30.3
345.1 31.75
346.8 31.97
348.9 32.49
349.2 32.72
343.4 31.37
347.6 31.2
346.1 31.85
351.2 33.08
351.7 32.1
347.3 31.08
353.9 30.56
353.3 31.99
354.5 31.68
354.7 32.26
352 32.37
350.7 33.2
357.7 33.66
356.6 33.91
357.3 34.61
359.7 32.85
364.5 32.25
368.2 33.28
369.4 32.29
370 32.67
366.3 33.63
368.6 33.85
368.3 33.51
370.8 32.76
379 33.58
376.4 33.93
370.1 34.16
369.9 35.12
363.7 34.48
362.5 35.44
352.6 35.77
357.4 36.36
351.9 36.8
344.2 36.96
349.9 37.16
353.1 36.79
351.8 35.58
356.3 36.48
352.3 36.06
354 37.7
346.1 37.2
350.2 36.6
349.2 35.88
353.2 36.89
353.1 36.69
350.8 37.78
354.7 37.27
350.5 36.72
346.5 37.83
335.9 36.01
336.5 35.38
337.1 34.93
337.6 31.67
336.1 29.88
332.9 28.61
326 26.91
329.5 28.66
328.4 27.97
330.3 28.63
328.7 30.37
328.7 30.16
335.9 31.04
334.3 29.78
329.6 28.56
324.9 28.97
325.3 28.62
321.5 27.96
322.2 28
325.6 28.85
326.7 27.46
327.9 28.14
324.2 28.63
324.9 29.29
325.8 29.18
327.2 30.55
333.5 30.87
334.4 29.91
331.5 26.65
334.8 26.64
333.4 26.26
334.5 25.49
333.7 25.24
339.1 25.8
342.1 26.03
341 25.67
342.3 26.49
342.5 25.72
341.9 26.23
348.4 26.98
348.6 27.72
351.6 27.35
350 28.5
352.3 29.17
352.6 28.74
354.7 29.14
364.2 28.83
366.3 29.28
372 29.03
368.1 28.85
368.8 29.16
367.8 29.35
365.2 28.58
369.6 29.1
364.5 29.56
366 30.71
365.2 30.67
362.6 30.05
368.6 30.74
363.7 31.28
361.8 31.45
352.2 31.73
355.5 32.36
353.3 31.51
356.6 30.65
359 31.18
363.2 31.07
357.2 30.36
361.3 29.96
356.3 30.82
353 29.17
346.3 28.78
349.3 29.95
343.9 29.01
345.2 29.27
346 30.19
351.4 30.4
351.3 30.15
351 30.42
348.1 30.13
344.1 30.22
343.6 30.88
344.3 31.06
344.8 31.28
347.7 31.27
342.1 31.62
343.1 31.05
344.2 31.41
347.2 31.96
350.9 31.78
350.6 30.19
358.6 29.67
362.2 30.22
362.7 30.17
364.8 30.11
361.7 30.24
356.2 30.68
354 30.54
346.1 32.31
349.2 31.84
349.6 32.22
350.8 31.7
352.5 32.39
356.3 32.18
361.7 32.01
358.5 31.92
362.1 30.78
366 31.09
363.2 31.05
358.4 30.89
361.6 30.7
365.6 30.95
360.6 31.88
363.1 31.84
361.3 31.56
365.8 31.95
373.5 31.21
370.5 31.5
375.7 31.57
373.2 29.41
373.9 29.49
372.9 28.98
377.6 28.88
375.1 28.85
381.7 29.18
380 29.35
379.7 28.82
375.8 28.27
374.5 28.14
373.5 27.56
376.2 27.03
376.6 27.17
381.8 27.03
387.2 26.96
385.9 27.13
387.5 28.24
385 28.29
380.8 28.16
382.4 28.4
385.4 29.2
384.3 29.39
383.1 29.84
369.4 30.4
372.7 30.47
377.2 30.41
375.4 29.81
369.2 31.01
373.6 31.97
375.2 31.95
375.7 31.82
372.6 31.77
372.7 31.54
371.8 30.68
374 30.35
381.7 30.18
386.5 29.92
384.7 30.3
388.9 30.16
387.9 29.92
383.2 29.56
410.4 33.71
409.2 33.02
410.6 31.87
411 31.95
412.3 32.86
414.8 32.4
416.9 32.79
415.7 32.52
424.4 33.78
422.8 33.7
421.9 33.62
424 33.98
426.4 34.31
426.3 34.72
423.7 34.43
421.7 34.5
408.4 33.44
406.7 35.07
412.7 36.2
411.1 34.58
410 34.93
407.9 34.94
406.6 34.47
410 34.12
414.5 33.62
398.5 32.81
402.2 33.05
398.7 34.98
399.2 34.1
401 33.1
398.1 33.08
403.6 32.48
406.8 32.83
406.4 33.87
410.2 34
413.7 33.98
410.3 34.56
416 35.16
412.3 35.45
409.8 36
397.5 35.6
399 34.35
404.5 34.58
395.8 35.68
395.8 35.51
396.4 36.16
399.3 36.86
393.5 36.66
392.4 35.8
392.9 36.64
401.3 37.26
400.6 36.57
404.2 36.28
400 36.1
400.7 36.78
395.3 36.19
399.4 37.44
402.4 37.48
406.9 38.18
411.1 37.93
412.5 38.08
417.4 37.11
419.8 37.45
417.2 37.01
416.7 35.51
422.1 35.73
417.1 35.45
421.7 36.25
427.3 35.76
427.8 34.27
421.6 34.39
415.4 34.38
418.9 34.97
422.8 36.15
419.9 37.14
420.1 37.84
407 37.21
399.8 36.72
397.7 37.57
401 37.74
400.6 37.42
397.7 37.6
390.8 35.73
393.3 36.71
395.1 36.46
396 36.97
398.6 37.53
405.4 40.97
404.2 40.77
406.6 41.25
405.6 41.64
401.9 40.86
397.1 40.58
395.2 41.36
390.5 41.71
390.3 41.44
387 41.84
389 42.9
387 42.75
391 43.8
391.7 43.82
394 44.15
392.2 42.83
392.3 44.41
399.8 43.95
400.7 44.84
400 44.52
395.5 44.8
394.3 45.5
398.9 46.58
402.9 46.05
404.4 46.75
404.3 47.27
407.1 48.7
413.2 47.86
410.5 46.05
403 45.21
407.9 43.47
407.4 43.1
403.3 43.18
407.8 42.28
410.4 42.12
408.8 44
406 44.06
400.5 43.99
397.4 43.31
399.4 42.77
398.5 44.61
401.9 42.81
404.1 43.87
405.7 44.39
405 43.58
404.7 43.88
405.8 45.59
405.3 46.35
408.3 47.1
407.2 48.35
410.9 48.46
408.1 48.88
409.1 49.64
412.5 49.9
413 49.51
418.7 49.64
419.5 50.12
414 49.91
418.2 51.09
418.4 52.02
418 52.67
423.1 53.31
422 53.64
415.1 52.51
413.2 53.64
418.1 54.76
418.7 54.93
416.2 53.67
420.3 53.29
423.5 54.92
424.4 54.47
424.6 55.17
429 54.54
426.8 55.17
424.8 52.46
425.1 50.92
428.5 51.76
427.3 50.13
420 49.62
424.6 50.88
430.1 48.82
433.6 49.61
432.7 49.09
435.7 47.37
434 48.86
434.9 47.42
437.9 47.32
437 46.87
440.2 46.11
444.8 46.84
442.6 46.22
446.8 48.44
448.8 48.64
447.8 48.94
449.3 49.44
453.7 49.76
451.3 49.13
454 45.49
450.4 43.25
456 42.54
454.2 42.98
452 41.46
437.2 41.94
435.8 42.53
433.9 40.71
438.9 41.01
435.9 41.82
440.8 44.19
436.9 44.18
441.6 46.28
442.4 45.64
441.8 45.76
440.3 44.24
441.9 44.18
445.2 41.32
444.3 41.77
436 43.64
437.5 43.45
428.7 42.12
428.5 43.91
426.6 43.39
421 45.56
418.9 45.43
419.1 45.33
421.9 45.68
426.1 46.37
424.5 48.04
422.7 48.38
423.2 48.38
423 47.55
422.4 46.91
426.7 48.53
426.9 48.81
422 49.64
426.9 48.78
426.3 48.84
425.8 47.18
421.8 48.2
420.8 47.12
421.1 46.69
416.6 46.45
414 46.48
413.6 45.28
412.6 45.4
412.9 45.46
417.2 47.1
420.5 47.16
425.8 47.44
425.9 47.26
425.5 48.33
427.3 47.54
427.1 48.35
434.5 51.15
434.9 51.17
434.5 51.39
434.9 51.49
436.5 51.75
432.9 51.68
432.8 53.05
429.9 53.57
434.2 53.78
435 53.89
440.3 54.59
442.1 54.77
442.8 53.54
446.2 54.43
441.1 54.95
440.9 55.05
443.7 56.46
438.7 56.4
439.3 56.72
431.1 56.62
431.3 56.03
425.2 53.81
424.7 54.84
425.9 54.05
426 54.23
428.7 55.4
425.9 57.27
423.9 57.01
424.5 56.04
427.1 55.85
426.5 54.11
426.9 53.32
428.6 53.71
427.6 51.86
429.3 50.22
424 51.13
424.9 50.49
427.5 50.37
432.9 52.29
435.3 52.44
433 54.2
434.3 55.39
434.6 54.57
437.9 54.2
433 51.61
435 49.72
429.5 50.92
426.7 49.5
429 50.13
429.8 50.83
426.1 50.96
426.2 52.03
427.2 52.07
427.2 50.45
421.6 48.54
420.2 48.67
418.9 48.61
419.4 48.97
421.5 47.25
420.5 46.92
417.4 46.8
416.6 49.16
417.5 49.67
418.8 50.98
418 51.01
419.8 51.85
416.3 51.97
415.3 54.6
422.7 53.63
423.7 55.03
426.5 54.49
424.8 53.76
424.7 52.54
424.2 54.28
427.4 53.54
429.3 55.62
427.5 55
429.1 55.57
436.2 56.58
438.3 58.47
438.4 59.37
438.9 58.9
438.1 58.09
441.7 59.42
440.5 59.84
440.3 60.54
436.4 58.2
435.9 56.5
427.8 58.75
422.9 59.59
423.5 61.28
423.3 60.73
422.9 59.63
425.5 58.92
426.3 60.62
423.9 60.01
419.6 57.8
420.7 58.09
420.5 57.32
419.7 57.46
421.7 56.72
425.4 57.13
424.7 58.65
425.7 59
423.4 59.2
424.7 59.11
427.3 59.94
429.9 60.57
431.9 61.57
431.9 61.89
436.9 60.86
437.9 61.38
437.2 62.31
434.7 63.94
434.2 63.07
436.5 64.9
445.5 65.8
445.9 66.86
442.2 66.27
446.1 66.08
439.9 63.25
439.5 63.27
437.2 65.35
438.1 65.45
439.4 65.71
437.3 67.32
438.4 67.49
437.4 66.13
437 67.2
431.2 69.81
433.8 68.94
442.3 69.47
444.2 67.57
444.4 65.96
444.9 64.37
446.7 64.49
449 64.08
449.7 63.33
446.1 63.11
449.8 65.09
455.5 64.75
459.5 63
466.7 67.39
466.2 66.23
468.9 66.8
466.6 66.5
463.5 64.19
465.9 65.82
462.6 65.07
469.7 66.35
472.1 63.2
463.5 62.41
461 61.03
467 60.63
465 60.32
472.8 62.44
471.2 60.66
473.8 61.09
466.3 58.93
468.2 57.69
503.3 59.32
548.3 63.94
553.5 68.35
558.3 68.1
557.7 67.06
562.2 65.85
559.7 66.26
558.7 67.76
555.2 60.42
552.4 60.57
550.9 61.77
550.1 63.91
560 64.26
567 64.16
566.6 66.07
573 66.45
586.7 67.15
581.8 66.63
589.4 66.74
586 66.23
587.9 67.07
595.2 67.94
588.4 67.39
597.6 68.74
595.2 68.98
597.5 68.62
596.5 69.32
615.4 70.4
620 71.35
632.6 72.17
619.8 71.95
632.2 75.17
620.6 73.33
631 72.88
638.8 71.93
633.3 70.97
651.8 71.88
657.5 73.7
664.7 74.61
665.9 72.28
674.2 69.94
682.2 70.19
677.8 69.77
699.4 70.69
703.7 72.13
719.8 73.32
710.3 72.04
683.6 69.41
691.5 69.53
690.5 68.7
679.6 69.45
656.7 68.53
657 69.23
673 71.76
637 69.86
648.4 71.32
650.9 71.37
653.9 72.03
642.5 71.29
627.6 70.34
635.5 72.33
643.2 72.6
629.4 72.5
627.4 70.82
609.1 70.35
608.2 71.63
606.8 70.36
562.5 68.56
562.3 69.14
566.5 69.5
578 69.88
568.8 68.98
576.9 68.94
587.5 70.33
582.2 70.84
584.8 70.87
584.8 71.8
581.6 71.92
578.3 72.19
576.3 58.68
572.4 59.76
578.4 59.96
571.9 58.52
572.3 57.59
576.3 57.86
588.8 58.57
594.7 59.94
589.7 58.93
588.9 57.65
599 58.5
593 56.82
579.7 58.81
584.4 59.35
587.6 61.4
596.8 60.36
598.2 60.75
669.4 61.79
656.5 71.09
660.5 72.19
673.3 75.88
665 73.36
673 74.04
682.5 75.08
681.7 75.73
695.6 76.3
700.8 76.7
703.3 77.49
712.2 78.23
711.9 79.91
709.5 80.09
709.6 79.1
715.8 80.57
715.8 81.51
722 81.93
732.4 83.32
731.4 81.62
732.1 80.95
731.6 79.53
728.3 80.3
964.5 102.59
972.1 101.84
981.5 102.45
963.9 99.52
986.2 104.52
975 105.47
972.2 105.15
969.9 107.9
974.2 108.75
978.8 109.92
992.3 110.33
998.2 110.21
1001.4 105.68
1003.2 109.42
944.7 104.48
919.6 101.84
918.3 100.86
934.6 101.22
949 105.9
948.8 107.58
929.3 140.21
926.2 140
942.5 140.97
944.8 143.57
931.9 145.29
927.3 141.37
921.9 136.04
927.3 136.05
940.9 141.65
959.5 145.08
972.7 145.18
977.7 138.74
961.8 134.6
970 129.29
957.3 128.88
963.1 131.04
948 127.95
922.4 124.44
922 125.49
926.6 123.26
927.6 124.73
916.4 122.19
835.5 74.54
801.5 69.85
785.1 71.85
787.6 74.25
766.1 70.89
733.3 66.75
713.3 67.84
729.1 64.15
741.7 63.22
739.3 62.73
752.8 67.5
865.4 48.58
841.1 42.63
853.9 41.7
854.3 40.83
820.3 37.59
820.1 37.78
808.2 37.28
806.7 35.4
839.3 36.51
854.6 38.74
849.6 43.55
858.2 43.67
895.3 46.47
908.5 45.73
899.2 41.58
888.1 42.16
915.5 48.41
922.6 49.66
926.1 48.39
907.4 52.64
895.6 52.51
871.5 51.05
882.2 49.15
884.8 49.38
882.2 52.24
894.7 50.05
890.9 49.41
892.8 49.25
879.3 49.98
867.4 50.33
887 45.88
882.1 46.51
891.8 48.85
905.9 49.62
913.6 51.55
907.4 50.14
892.8 49.92
993.1 66.71
1008 70.61
999.5 70.82
1003.2 69.95
1016.7 70.41
1038.6 70.88
1043.3 69.57
1055.4 71.69
1047.8 71.77
1056.7 73.27
1064.2 74.15
1063.9 75.18
1049.8 77.58
1050.7 78.53
1057.3 79.61
1057.8 79.09
1063.7 81.37
1057.8 81.19
1055.6 80.5
1042.1 78.68
1034.7 79.55
1029.9 77.46
1174.2 76.05
1181.1 77.28
1199.1 78.37
1212 76.6
1217.4 76.46
1168.8 75.47
1163.4 73.93
1142.8 72.62
1120.4 70.67
1125.7 70.54
1119.4 69.87
1123.3 69.51
1122.4 70.69
1135.5 72.66
1106.8 72.65
1110.8 73.36
1095.4 72.47
1086 74.4
1093.3 76.67
1104.1 78.05
1107.2 78.77
1097 78.87
1091.5 79.28
1095.2 79.36
1117.7 81.51
1118.1 81.77
1135.9 83.18
1133.1 82.66
1138.2 82.75
1150.7 82.52
1128.9 80.79
1136.4 79.65
1142.6 79.39
1130.1 78
1139.7 79.02
1112.3 77.62
1102.7 76.08
1089.2 74.54
1095.2 75.26
1097.9 74.71
1084.4 73.67
1112.6 80.16
1102.7 78.86
1096.5 80
1107.8 78.17
1118.3 79.66
1117.8 78.7
1136.9 79.68
1142.7 80.87
1132.6 80.21
1134.8 81.5
1123.6 81.87
1122 81.49
1107.8 82.09
1108 82.11
1101.5 81.24
1105.1 79.8
1122.2 81.7
1124 82.93
1127.4 82.2
1107.4 80.68
1099.3 81.25
1103.5 81.91
1088.6 80.61
1092.7 80.53
1104.2 80
1110.3 82.17
1104.5 82.37
1113.3 83.76
1125.1 84.87
1132.9 86.62
1135.1 86.84
1152.3 85.88
1152.2 85.39
1161.1 84.92
1161.6 84.34
1152.8 84.05
1159 85.84
1159.7 85.51
1136.3 83.24
1135.2 81.45
1138.6 83.45
1148.2 83.68
1142.3 83.7
1153.1 85.12
1153.5 84.2
1161.7 82.44
1171.3 83.22
1168.4 85.17
1180.1 86.15
1182.7 86.19
1168.6 82.74
1174.6 79.97
1196.9 77.11
1210 75.11
1200.4 76.8
1219.9 76.37
1242.7 75.65
1228.8 74.4
1227.4 71.61
1227.7 70.08
1214.3 69.41
1192.6 69.87
1187.8 68.01
1175.7 70.04
1193.8 70.21
1197.8 68.75
1213.3 71.51
1211.9 74.55
1212.2 73.97
1224.8 72.58
1220.6 72.86
1208.3 74.61
1216.2 71.51
1239.3 71.44
1244 71.99
1228.5 74.38
1220.8 75.48
1228.9 73.78
1223.3 75.12
1233.2 76.94
1229.3 77.67
1247.5 76.79
1257.2 77.18
1239.7 77.82
1239.9 77.21
1234.1 76.35
1245.5 76.51
1255.8 78.86
1238.2 78.25
1242 75.94
1245.5 75.63
1206.3 72.95
1207.4 72.14
1194.8 71.98
1198.6 74.07
1195.8 75.44
1209.6 76.09
1198.5 74.95
1213.3 77.15
1206.8 77.04
1208.1 76.62
1188 76.01
1181.7 76.54
1191.5 77.44
1191.6 76.56
1195.5 79.3
1187.7 78.98
1183 78.98
1158 77.5
1160.4 76.99
1168.4 78.36
1181.7 78.95
1183.4 81.34
1185.2 82.55
1193.7 82.47
1197.2 82.01
1203.4 80.7
1200.7 81.48
1196.2 80.25
1197.5 78.02
1214.8 75.74
1214.9 75.39
1224.5 75.24
1226.6 75.77
1229.7 75.42
1233.8 74.43
1227.2 73.46
1226.9 73.1
1231.8 71.63
1239.5 72.52
1235.4 73.36
1236 75.17
1237.1 74.7
1248.3 71.92
1246.3 73.91
1251.5 75.02
1249.2 74.6
1257.3 74.09
1255.6 74.67
1248.9 74.25
1244.5 76.45
1245.1 77.19
1269.7 76.8
1266.7 76.02
1271.9 74.57
1275.6 73.66
1279 74.86
1272.4 73.52
1290.2 74.71
1294.3 75.18
1296 76.49
1296.7 76.52
1306.6 76.18
1308.5 77.86
1307.8 79.97
1316.1 81.58
1315.4 81.47
1338.9 82.82
1346.4 83.23
1333.9 81.67
1344.2 82.66
1353.3 82.21
1345.7 81.67
1369.5 83.01
1376.7 82.69
1371.1 81.25
1371.2 83.08
1335.1 79.49
1343.3 81.77
1324.7 80.56
1324.4 81.69
1338.3 82.52
1338 82.55
1322.2 81.94
1342.1 82.18
1357.1 81.43
1350.2 82.95
1356.4 83.9
1337.1 84.69
1382.7 86.49
1397.3 86.85
1402.8 87.06
1409.8 86.72
1399.1 87.81
1403.1 87.81
1365.4 84.88
1368.4 84.86
1338.3 82.34
1336.8 80.44
1352.9 81.85
1352.2 81.51
1357.7 81.74
1377.5 81.25
1372.9 83.86
1362.3 83.76
1366 85.73
1385 84.11
1387.3 86.75
1388.5 88
1405.4 89.19
1415.3 89.38
1408.3 88.69
1382.5 88.28
1392.1 88.37
1384.3 87.79
1397.3 88.61
1403.6 88.28
1385.5 88.62
1370.4 87.7
1378.6 88.02
1385.5 88.81
1388.2 89.82
1386.8 90.48
1380 91.51
1382.4 91
1405.2 91.49
1413.1 91.12
1405.6 89.84
1421.1 91.38
1422.6 91.55
1378.5 89.38
1373.4 90.3
1371.4 88.38
1368.5 88.03
1373.7 89.25
1384 91.11
1385.7 91.86
1386.9 91.4
1360.4 91.54
1368.1 91.38
1370.2 90.86
1346.5 88.86
1341 89.11
1344.5 87.87
1332.3 86.19
1333 87.33
1318.4 85.64
1340.7 89.34
1333.8 92.19
1339.6 90.77
1331.5 90.86
1352.3 90.54
1348.3 89.03
1347.6 87.48
1363.4 86.94
1364.8 86.71
1361.9 86.73
1359.9 85.58
1364.6 84.81
1373.6 84.32
1374.7 84.99
1384.7 86.36
1388.2 86.2
1400.5 93.57
1413.4 98.1
1415.3 97.28
1408.7 97.88
1409.3 96.97
1430.7 99.63
1437.2 102.23
1416 101.91
1428.2 104.42
1434.1 105.44
1426.9 105.02
1429.3 104.38
1412.2 102.7
1421.5 101.16
1424.6 101.19
1392.6 97.18
1396 97.98
1404 101.42
1415.9 101.07
1426.2 102.33
1427.5 104
1437.9 105.75
1434.8 105.6
1426.1 105.4
1419.8 103.98
1416 104.79
1423.8 104.27
1438.9 106.72
1428.1 107.94
1432.2 108.47
1451.8 108.34
1457.7 108.83
1458.5 110.3
1473.4 112.79
1467.4 109.92
1452.9 106.25
1454.9 107.11
1471.7 108.11
1485.3 109.66
1492.3 107.12
1494.5 108.15
1498.3 111.45
1503.2 112.29
1508.6 112.28
1503 112.21
1516.7 112.76
1530.8 112.86
1556 113.93
1556.7 113.52
1540.1 111.05
1514.9 109.24
1480.9 99.8
1491.2 97.18
1502.9 102.55
1516.6 103.88
1501.1 98.21
1506.6 98.97
1493.4 99.65
1490.4 97.37
1479.8 96.91
1495.6 100.1
1492.2 98.44
1508.8 99.49
1515.3 97.7
1523.2 99.59
1526.6 101.32
1522.8 100.23
1536.3 100.59
1535.9 102.7
1542.4 100.29
1532 100.4
1541.7 100.22
1546.5 99.01
1543.3 99.09
1538.1 100.74
1542.1 101.93
1528.6 99.29
1515 97.3
1523.8 99.37
1525.6 94.81
1529.3 94.95
1538.6 93.01
1541.5 93.26
1546 93.4
1552.9 95.41
1520.1 91.02
1500.5 91.16
1496 90.61
1499.7 92.89
1509.9 94.77
1502.3 95.42
1482.3 94.94
1512.3 96.89
1528.7 96.65
1530.2 98.67
1541.2 96.2
1548.8 95.15
1561.9 97.43
1585.2 98.05
1589 95.69
1589.8 97.24
1602.1 95.93
1600.9 97.5
1596.7 98.14
1586.8 99.13
1601.3 99.87
1612 99.2
1616.6 99.59
1615 97.4
1613.4 97.44
1628.3 95.7
1619 94.89
1641.9 93.79
1663.4 91.93
1656.2 86.63
1648.8 86.88
1710.2 81.31
1740 79.3
1781.3 82.89
1748.8 85.72
1740.2 85.38
1755.5 87.88
1782.4 86.65
1791.2 87.58
1818.9 82.38
1848.9 82.26
1888.7 84.12
1858.3 85.44
1754.1 85.16
1759.8 85.3
1794.1 85.37
1788.4 87.27
1826.7 88.9
1828.5 88.81
1826 88.93
1873.7 86.45
1869.9 86.02
1814.2 89.34
1854.4 89.05
1856.4 87.24
1809.9 88.19
1826.8 90.21
1823.5 88.91
1778.5 89.4
1812.1 87.96
1776.4 85.7
1806.6 86.89
1805.5 85.92
1739.2 80.51
1637.5 79.85
1592.5 80.24
1650.6 84.45
1616.3 81.21
1615.5 82.14
1620.4 79.2
1656 77.61
1614.7 75.67
1640.3 79.68
1651.9 82.59
1634.5 82.98
1669.6 85.41
1659.7 85.81
1681.3 85.57
1667.3 84.23
1681.8 86.8
1675.5 86.38
1651.7 88.34
1646 86.11
1611.9 85.3
1635.1 87.4
1651.5 91.27
1699.6 93.17
1722.7 90.2
1746.7 93.96
1746.2 93.32
1724.2 93.19
1711 92.19
1728.7 92.51
1764.2 94.07
1755.3 94.26
1790.3 95.52
1798.4 96.8
1790.9 95.74
1758.9 97.78
1787.5 98.99
1777.8 98.14
1781.7 99.37
1773.8 102.59
1719.8 98.82
1724.7 97.41
1678.3 96.92
1702.2 98.01
1695.7 96.17
1685.5 96.77
1710.8 98.21
1713.4 99.79
1745.5 100.36
1735.3 100.2
1747 100.96
1730.7 100.99
1727.9 101.28
1740.9 100.49
1709.8 98.34
1712.8 99.41
1664.2 97.77
1659.9 100.14
1584.3 94.95
1574.6 93.87
1595.6 93.53
1594.4 93.88
1615.6 97.22
1611.9 98.67
1608.9 99.53
1604.7 99.68
1594.2 101.34
1562.9 99.36
1539.9 99.65
1565.8 98.83
1599.7 102.96
1611.9 103.22
1619.4 101.81
1616.1 101.56
1607.5 101.31
1631 102.24
1639.2 100.87
1647.3 99.1
1630.4 98.7
1655.2 100.71
1659.5 100.59
1654.1 100.39
1663.7 98.46
1678 99.58
1664.2 98.95
1699.8 99.4
1726.3 99.7
1731.8 99.56
1731 98.78
1737.8 98.48
1747.1 97.61
1756.8 96.36
1737.9 97.84
1722.8 96.91
1746.4 98.41
1729.3 98.71
1739 99.84
1723.3 98.67
1723 100.91
1715.9 100.74
1726.3 101.8
1726.8 102.31
1724.5 103.24
1757.1 105.84
1770 106.28
1784.9 107.83
1775.1 109.77
1773.6 108.56
1787 106.55
1709.9 107.07
1721.1 108.84
1708.8 106.7
1703 106.72
1671.4 104.7
1683.3 106.16
1698.1 106.58
1710.9 107.4
1699.2 106.34
1693.7 106.71
1642.5 105.43
1659.1 105.11
1655.5 107.06
1666.9 108.09
1646.7 105.61
1650 107.27
1642.3 105.35
1662.3 106.87
1685.5 107.03
1684.8 107.33
1657.9 105.41
1652.2 102.78
1669.3 103.02
1677.5 105.23
1670 104.01
1612.3 101.47
1628.5 103.31
1642.5 102.46
1659.5 101.02
1659 102.7
1679.5 103.64
1659.1 102.83
1648.7 102.93
1650.3 104.2
1638.8 102.67
1640.6 102.27
1642.1 103.05
1631.9 103.11
1643 103.55
1641.4 104.12
1659.6 104.55
1664 104.93
1663.4 104.87
1661.7 106.16
1653.4 105.22
1634.2 102.54
1644.7 98.49
1638.6 97.94
1604 97.01
1593.7 96.81
1595.1 97.08
1583.6 96.13
1560.6 94.78
1556.8 93.98
1536.2 92.81
1574.5 92.56
1591.6 91.48
1588.4 92.57
1576.3 91.66
1548.1 89.9
1557.3 90.66
1568.8 90.86
1548.6 90.76
1563.4 87.82
1562.6 86.53
1620.5 83.23
1612.2 83.98
1615.2 84.29
1632.8 85.02
1586.6 84.82
1590.1 84.1
1595.5 82.7
1612.7 83.32
1618.1 82.62
1618.4 83.91
1627 84.03
1625.7 83.27
1622.2 84.03
1614.8 81.8
1564.5 78.2
1566 79.76
1587.5 79.21
1574 79.36
1577.5 80.21
1549.7 77.69
1603.5 84.96
1597.2 83.75
1621.3 87.66
1608.9 87.22
1578.4 84.45
1588.6 85.99
1579.3 83.91
1575.2 85.81
1564.9 86.08
1591.6 87.1
1591.2 88.43
1589.1 89.22
1570.4 89.87
1580.1 92.66
1582.5 91.44
1577.1 88.14
1576 88.5
1608 88.97
1615 89.39
1617.9 90.13
1619.7 89.78
1610.5 88.06
1603.7 88.91
1587.4 87.13
1606 91.4
1612.9 92.2
1609.7 93.67
1612.9 93.35
1617.1 93.36
1619.7 92.87
1609.6 92.73
1599.4 93.43
1603.7 94.33
1616.1 95.6
1616.3 96.01
1620.1 95.97
1639.9 96.68
1637.4 97.26
1669.6 96.27
1669.8 96.15
1672.4 95.47
1666.5 96.33
1659.8 95.49
1653.5 94.62
1684.6 96.47
1692.9 95.3
1690.8 95.36
1702.6 95.53
1737.5 96.42
1728.7 96.54
1731.8 97.17
1730.6 97.01
1769.1 98.31
1769.8 99
1767.7 96.62
1768.4 95.29
1769 91.98
1767.7 91.87
1775.5 92.89
1762.1 91.93
1763.8 91.37
1750.6 89.98
1777.6 91.85
1771.1 92.19
1780.5 92.48
1772.7 91.89
1777.3 88.14
1794.1 91.71
1778.6 89.88
1773.5 89.33
1763 92.39
1763.2 91.25
1768.8 92.07
1758 91.86
1736 91.85
1744.7 92.09
1751.5 92.12
1743.3 92.1
1722.8 90.05
1725.1 88.73
1708.3 86.67
1700.5 85.73
1712 86.05
1710.9 86.28
1717.5 86.24
1714.1 87.09
1674.1 84.86
1682.2 85.65
1714.1 88.71
1713.2 84.44
1725.4 85.09
1730.3 86.07
1730.3 85.57
1724.2 85.38
1729.5 86.32
1713.3 85.45
1714.3 86.67
1734 89.28
1723.2 86.75
1727.9 87.38
1751.3 88.28
1749.5 87.74
1742.2 87.18
1716.5 86.49
1727.2 88.07
1710.9 88.91
1719.6 89.09
1694.4 88.5
1692.4 87.88
1700.3 86.26
1704 85.93
1713 85.56
1708.2 85.79
1716.6 86.77
1695.6 85.89
1695.8 86.73
1697 87.2
1669.5 87.93
1666.5 89.51
1644.9 90.13
1659.1 88.66
1658.6 88.61
1659.8 90.98
1662.6 90.87
1654.9 90.8
1674.8 91.82
1687.9 93.12
1673.7 92.92
1648.1 93.09
1645.5 93.19
1661.5 93.15
1654.8 93.1
1677.3 93.82
1660 93.56
1668.9 94.14
1683.4 93.28
1682.7 94.24
1690.4 95.49
1686.6 95.56
1692.8 96.24
1686.3 95.23
1669.5 95.95
1656.4 95.88
1652.4 96.44
1660.7 97.57
1679.9 97.94
1660.6 97.49
1669.4 97.77
1675.3 96.17
1672.4 96.64
1677.7 96.62
1670.4 95.83
1666 95.72
1648.2 97.03
1648.7 97.51
1644.2 97.01
1634.7 97.31
1608.8 95.86
1603.6 96.66
1577.6 94.46
1578.2 92.84
1572.4 93.13
1586.2 93.11
1615.2 92.63
1595.2 92.76
1577.7 92.05
1571.9 90.68
1572.1 90.12
1574.6 90.82
1574.6 90.43
1574.8 91.56
1576.6 91.95
1577.8 92.06
1591.5 92.54
1588.3 92.52
1590.6 93.03
1592.5 93.45
1604.6 93.74
1611.3 92.16
1607.5 92.96
1613.8 92.45
1606.2 93.71
1604.6 94.81
1595.8 96.34
1606.2 96.58
1594.8 97.23
1600 97.07
1575.1 97.19
1552.8 94.45
1551.8 93.26
1575.4 92.7
1572 93.36
1586.2 94.2
1558.3 94.64
1564.3 93.51
1501 91.29
1360.6 88.71
1386.8 88.72
1382.2 86.68
1392 87.73
1395.3 88.01
1421 88.76
1408.6 89.18
1423.4 91.43
1461.8 93.64
1453.6 93
1467.4 94.5
1472.2 93.46
1446.3 91.03
1467.7 93.99
1464.3 95.61
1468.1 96.16
1449 95.62
1473.9 96.62
1468.8 96.39
1436.8 96.04
1434.5 95.17
1424.7 94.21
1396.5 94.3
1387.1 95.16
1364.9 96.02
1384.3 96.71
1377.8 96.16
1367.6 94.28
1392 94.25
1386.8 94.15
1379.1 95.01
1391.3 93.13
1411.5 93.61
1392.6 91.97
1411.7 93.45
1397.1 93.31
1398.4 93.74
1415.7 94.76
1383 96.03
1386.2 95.77
1377 95.38
1391.8 95.88
1377.6 96.69
1387.3 97.85
1382.8 97.77
1366.6 98.44
1373.6 98.24
1285.9 95.4
1291.6 93.69
1276.8 95.18
1274.8 95.32
1229.6 95.5
1211.4 97.05
1223.8 96.56
1255.9 97.99
1243.6 99.6
1252.1 101.24
1212.9 103.22
1234.9 103.14
1245.9 103.53
1247.4 106.52
1280.1 104.91
1277.8 105.95
1283.8 106.32
1290.8 106
1277.9 106.48
1284.6 108.04
1293.3 108.05
1336.4 106.91
1335.1 107.23
1319.7 105.39
1329 105.49
1321.7 104.7
1328.4 104.55
1324 103.08
1312.4 105.03
1311 107.89
1310.6 106.94
1302.6 106.56
1283.2 105.3
1286.1 104.37
1310.7 103.4
1312.9 105.97
1334.7 106.11
1321.2 106.83
1334 106.85
1361.6 107.33
1371.7 107.46
1366.2 107.1
1373.1 104.97
1370.6 103.85
1371.2 105.03
1395.7 106.42
1393 105.92
1420.6 109.01
1419 110.1
1412.9 108.8
1396.1 107.65
1412 108.54
1389.9 107.23
1373.1 108.37
1386.7 110.53
1386.8 109.52
1364.1 107.39
1363.9 107.56
1330.4 108.6
1308.4 108.21
1317.9 106.59
1309.5 105.42
1307.8 108.07
1369.4 106.39
1332.5 104.68
1326.9 103.59
1316 103.13
1335.9 102.66
1323.6 103.03
1338.4 102.87
1326.5 102.33
1286 102.04
1320.6 104.1
1317.4 103.31
1309.7 103.84
1324.8 103.03
1324.2 103.49
1306.9 101.61
1296.6 103.01
1268 102.02
1276.4 102.41
1273 101.21
1282 102.29
1322.7 100.67
1314.4 100.81
1315.7 99.22
1342.5 97.8
1333.9 96.86
1350.2 97.11
1352.4 97.85
1352 98.68
1345.2 98.2
1349 96.77
1323.6 96.38
1313.1 94.61
1314.6 94.62
1308 93.37
1317.7 94.8
1308.4 94.2
1284.5 94.6
1281 95.14
1271.1 93.04
1268.3 93.88
1286.2 93.76
1287.3 93.84
1272.2 93.03
1273.4 93.34
1257.9 93.33
1243.5 95.44
1244 94.84
1241.1 94.09
1241.4 93.68
1237.8 92.3
1250.6 92.72
1222.3 93.82
1221.7 96.04
1248.2 97.2
1233.2 97.38
1230.3 97.65
1235.3 97.34
1262.4 98.51
1258.5 97.44
1226 97.5
1235.7 96.6
1245.5 97.48
1231.2 97.22
1236.1 97.8
1195 98.77
1205.1 99.32
1198.4 98.91
1205.1 99.22
1214.1 99.55
1216.1 100.32
1203.1 99.29
1201.9 98.42
1225 95.44
1238.4 93.96
1237.8 93.43
1229.4 93.67
1225.3 92.33
1229.3 91.66
1246.7 92.72
1250.9 91.8
1245.2 92.59
1238.1 94.17
1240 93.96
1251.7 94.37
1242.3 94.99
1239 96.73
1262.6 97.32
1264.5 96.64
1263.6 95.72
1251 97.41
1262.2 97.36
1242.2 98.23
1240.1 97.49
1260.4 96.43
1251.7 97.19
1257.3 97.38
1257.6 97.84
1263.3 99.88
1274.8 100.06
1290.1 99.94
1295.3 100.37
1300.4 100.35
1319 100.3
1324.7 102.43
1320.6 103.31
1317.1 102.92
1323.9 102.2
1338.3 102.82
1343 101.83
1328.2 102.59
1331.6 102.4
1321.4 102.59
1350.1 104.92
1337.8 103.33
1340.2 101.45
1351.7 101.56
1338.1 102.58
1341.4 101.12
1346.5 100.03
1370.3 97.99
1372.2 98.2
1379 98.89
1372.9 98.08
1359 99.7
1341.4 100.37
1330.5 99.43
1336 99.46
1311.2 99.6
1311.4 99.19
1303.4 100.26
1294.7 101.28
1293.8 101.67
1283.4 101.58
1279.6 99.74
1290.5 99.62
1284.4 100.29
1303.2 101.14
1298 100.44
1308.7 102.56
1305.5 103.6
1320.1 103.4
1318.7 103.74
1327.2 104.05
1300 103.75
1303.1 103.76
1293.4 104.3
1288 104.37
1280.6 102.13
1284.2 101.44
1290.5 101.94
1300.7 100.6
1298.9 100.84
1296 101.28
1295.6 99.74
1283.1 99.42
1302.6 99.76
1309 99.48
1308.3 99.5
1288.6 100.77
1287.4 100.26
1287.3 99.99
1295.6 100.59
1294.6 101.7
1305.7 102.37
1293.5 101.5
1293.3 102.02
1293.7 102.61
1294.5 102.44
1288 104.07
1294.9 103.74
1291.6 104.35
1265.4 104.11
1259.3 102.72
1256.3 103.58
1245.6 102.71
1243.7 102.47
1244.3 102.66
1244 102.64
1253 102.48
1252.1 102.66
1253.5 104.41
1259.8 104.35
1260.8 104.4
1273.6 106.53
1273.7 106.91
1274.9 106.9
1271.7 106.36
1272.4 105.97
1313.7 106.43
1316.2 107.26
1318 106.17
1320.9 106.03
1322.2 106.5
1316.1 105.84
1319 105.74
1321.8 105.37
1326.4 105.34
1330.7 104.48
1320.4 104.06
1316.5 103.53
1316 103.4
1323.8 102.29
1338.7 102.93
1337 100.83
1306.3 100.91
1296.9 99.96
1299.6 101.2
1316.7 103.19
1309.2 103.13
1313.7 104.59
1306.1 104.42
1304.5 103.12
1290.6 102.07
1303.1 102.09
1303.3 101.67
1298.3 100.97
1294.9 100.27
1281.3 98.17
1293.6 97.88
1287.7 98.29
1284 97.38
1306.7 96.92
1310.8 97.34
1308.9 97.65
1308.5 98.08
1308.8 97.37
1312.8 97.59
1313.9 95.58
1304.5 97.35
1297.7 96.41
1295.1 94.48
1293.4 96.07
1273.7 93.96
1278.6 93.65
1277.3 93.35
1283.8 93.86
1281.9 93.88
1288.7 94.55
1285.8 95.96
1263.7 92.88
1268.9 95.54
1265.1 94.45
1265.8 93.29
1252.7 92.66
1246.8 92.75
1243.5 91.67
1237.4 92.83
1229.9 92.27
1233.6 92.92
1235.2 94.88
1234.4 94.42
1225.7 93.07
1215.3 92.41
1216.8 91.52
1221 91.56
1218.6 92.8
1221.2 92.53
1214.1 93.54
1217.5 94.57
1210.5 91.16
1214.6 90.73
1214.2 91.01
1192.2 89.74
1206.7 90.34
1211.7 88.85
1205.3 87.31
1224.6 85.77
1221 85.82
1229.3 85.74
1233.6 81.84
1244.1 81.78
1240.5 82.7
1238.3 82.75
1244 82.71
1251 82.81
1244.8 80.52
1228.5 82.09
1231.2 81.01
1229.1 81
1229.2 81.42
1224.3 82.2
1198.1 81.12
1171.1 80.54
1169.4 78.78
1167.4 77.19
1145.4 78.68
1142.3 77.91
1169.6 78.65
1159.6 77.4
1162.8 77.94
1158.9 77.18
1161.1 74.21
1185 75.82
1183 75.64
1196.7 74.61
1193.6 74.58
1190.7 75.58
1197.5 76.51
1195.5 75.78
1197.1 74.09
1196.6 73.69
1175.2 66.15
1218 69
1199.2 66.88
1208.5 67.38
1207.5 66.81
1190.1 65.84
1194.7 63.05
1231.5 63.82
1228.9 60.94
1225.1 59.95
1222 57.81
1207.2 55.91
1193.9 55.93
1194.3 56.47
1194.7 54.11
1195.9 56.52
1179.7 55.26
1177.9 57.12
1173.5 55.84
1195.3 54.73
1181.7 53.61
1200.2 54.12
1183.9 53.27
1186 52.69
1203.9 50.04
1219.3 47.93
1210.6 48.65
1208.4 48.79
1216 48.36
1232.7 46.07
1234.3 45.89
1234.4 48.48
1264.7 46.25
1276.9 48.69
1294.2 46.39
1293.7 47.78
1300.7 46.31
1292.6 45.59
1279.4 45.15
1291.7 46.23
1285.9 44.45
1254.6 44.53
1278.5 48.24
1276.2 49.57
1259.7 53.05
1263.8 48.45
1262 50.48
1233.9 51.69
1240.8 52.86
1231.6 50.02
1219 48.84
1220.1 51.21
1226.5 52.78
1208.1 53.53
1199.7 52.14
1207.1 51.16
1204.4 50.34
1200.3 49.45
1196.9 49.28
1201 50.99
1209.6 48.17
1212.6 49.76
1207.7 49.59
1204 50.52
1200.6 51.53
1195.9 50.76
1164.1 49.61
1166.4 50
1160.1 48.29
1150.7 48.17
1152.1 47.05
1152.6 44.84
1153.3 43.88
1148.3 43.46
1151.4 44.66
1169.1 43.96
1184.8 45.72
1188 47.45
1191.7 47.51
1197.3 49.21
1205.1 51.43
1199.8 48.87
1184.8 48.68
1183.1 47.6
1208.1 50.09
1200.9 49.14
1218.6 52.14
1210.6 53.98
1203.1 50.42
1193.6 50.79
1204.6 51.64
1199.3 51.91
1192.8 53.29
1201.5 56.39
1198 56.71
1202.9 55.74
1193.5 56.38
1202.9 55.26
1186.9 56.16
1194.4 57.74
1175.2 57.15
1203.3 56.99
1214 57.06
1209.8 58.58
1182.4 59.63
1174.5 59.15
1186.8 58.93
1193.2 60.4
1190.3 60.93
1182.4 58.94
1189.1 59.39
1183.2 59.25
1192.6 60.75
1218.4 60.5
1225.4 59.88
1225.5 59.69
1227.8 59.43
1206.9 57.26
1208.9 58.98
1204.4 60.72
1204.3 59.72
1187.2 58.03
1185.9 57.51
1188.1 57.68
1189.4 60.3
1188.3 60.2
1194.1 61.26
1184.7 59.64
1174.9 58
1167.8 59.13
1173.2 58.14
1177.3 60.14
1186.1 61.43
1179.9 60.77
1178.8 59.96
1185.3 59.52
1180.5 59.97
1176.4 59.92
1201.5 60.45
1201.5 59.61
1183.7 59.68
1176.2 61.01
1172.6 60.27
1171.5 59.7
1172.9 59.63
1178.5 58.33
1171.5 59.47
1169 56.96
1163 56.93
1172.9 52.53
1152.4 52.33
1163.3 51.65
1159 52.78
1157.7 52.74
1155.2 52.2
1153.3 53.04
1147.2 51.41
1143.8 50.91
1131.8 50.89
1106.7 50.15
1103.4 50.36
1091.4 49.19
1094 48.45
1085.6 48.14
1096.5 47.39
1096.3 47.98
1092.7 48.79
1088.4 48.52
1094.9 47.12
1089.4 45.17
1090.7 45.74
1085.7 45.15
1090.2 44.66
1094.1 43.87
1104.2 44.96
1107.6 43.08
1123.2 43.3
1115.7 42.23
1112.9 42.5
1118.6 41.87
1117.1 42.62
1128.1 40.8
1153 41.14
1159.6 40.45
1153.4 38.24
1138.2 39.31
1124.6 38.6
1122.4 42.56
1133.1 45.22
1131.6 49.2
1138.7 45.41
1132.5 46.25
1123.7 46.75
1120.6 46.05
1120.4 45.94
1102.2 44.15
1109.5 45.92
1103.5 44.63
1107.7 44
1102.8 44.59
1119.2 47.15
1117.3 46.9
1138.1 44.68
1133.1 46.68
1125 45.83
1131.6 44.48
1153.8 44.91
1146 45.7
1132 44.43
1127.1 45.23
1115.5 45.09
1114.2 44.74
1137.1 45.54
1138.1 46.26
1146.8 48.53
1149 47.81
1144.7 49.43
1156.3 49.63
1164.9 47.1
1165.8 46.66
1180.1 46.64
1187.9 46.38
1183.6 47.26
1173.3 45.89
1178 45.55
1167.6 45.2
1166.6 45.38
1163.3 44.6
1167 43.98
1166.8 43.2
1177.1 45.94
1147.2 46.06
1141.5 46.59
1135.8 46.14
1114.2 47.9
1106.5 46.32
1104.4 45.2
1087.6 44.29
1087.9 43.87
1088.2 44.21
1084.7 42.93
1080.8 41.75
1080.8 40.74
1083.7 41.74
1068.7 40.67
1068.8 40.75
1078 40.54
1076.4 40.39
1066.8 41.75
1074.3 42.87
1070.5 43.04
1056.2 41.71
1065.8 41.65
1063.8 41.85
1054.2 39.94
1061.7 41.08
1084.5 39.97
1076.4 37.65
1076.3 37.51
1077.6 37.16
1073.1 36.76
1076.9 35.62
1064.7 36.31
1062.9 37.35
1078 35.52
1050.8 34.95
1066.2 34.73
1081.9 34.74
1074.8 36.14
1069.4 37.5
1077.2 38.1
1070.5 36.81
1077.5 37.87
1060.1 36.6
1060.3 37.04
1075.1 36.76
1078.4 35.97
1091.9 33.97
1107.7 33.27
1097.8 33.16
1096.5 31.41
1085.6 30.44
1087.5 30.48
1073.9 31.2
1091.5 29.42
1089.9 28.46
1107.1 26.55
1099.1 29.53
1097.2 32.19
1106.2 30.34
1121.7 31.45
1116.1 32.3
1115.6 33.22
1116.4 33.62
1127.9 31.62
1127.3 29.88
1141.3 32.28
1157.6 31.72
1157.8 30.89
1197.9 29.69
1198.7 27.94
1194.7 27.45
1247.9 26.21
1239.1 29.44
1207.9 29.04
1211.1 30.66
1226.1 30.77
1230.4 29.64
1209.5 31.48
1222.3 31.87
1238.7 32.15
1238.2 33.07
1219.8 32.78
1233.9 33.75
1230.3 34.4
1241.1 34.66
1257.4 34.57
1269.9 35.92
1263.2 37.9
1262.1 36.5
1256.6 38.29
1272 37.84
1258.7 38.5
1244.4 37.18
1230.4 36.34
1229.3 38.46
1264.5 40.2
1253.8 39.44
1243.8 39.91
1248.2 41.45
1223.7 39.79
1221.4 39.46
1219.9 39.39
1235.6 38.28
1226.9 38.32
1234.2 38.34
1222.2 36.79
1218 35.7
1228.4 35.89
1222.5 37.75
1236.2 37.26
1242.5 39.72
1256.7 40.36
1259.4 42.17
1246.8 41.76
1225 41.5
1233.1 40.36
1233.6 39.78
1253 41.08
1253.2 42.63
1249 43.18
1228.7 43.73
1238.9 42.64
1242.2 44.04
1249.2 45.33
1265.5 46.03
1289.2 45.92
1294.7 44.78
1290.7 43.65
1273.3 43.78
1271.4 44.32
1292.9 44.66
1265.6 43.44
1263.9 44.66
1274.6 46.23
1270.3 46.7
1271.9 46.21
1273.4 47.72
1276.2 48.31
1273.7 48.19
1254.2 48.16
1252.4 47.75
1251.1 48.08
1228.9 48.62
1223.5 49.56
1220.1 49.48
1214.8 49.1
1211.9 49.01
1209.8 49.17
1240.1 48.62
1244.6 49.69
1244.4 50.36
1259.8 51.23
1270.2 50.56
1273.4 49.07
1284.4 48.88
1285.6 48.49
1285.8 48.01
1296.1 46.21
1292.5 47.98
1290 49.37
1270.5 48.85
1268 49.13
1261.2 50.11
1320 47.64
1322.5 46.33
1315.3 47.85
1323.9 49.88
1318.4 48.33
1336.7 48.99
1356.4 46.6
1364.9 47.43
1360.1 45.14
1356.6 45.41
1355 44.76
1334.1 46.8
1342.4 44.75
1331.3 45.68
1326.5 45.95
1328.4 45.24
1331.5 44.65
1318.8 44.94
1330.5 44.75
1323.1 44.19
1319.3 43.13
1320.7 42.92
1326.6 41.92
1332.3 41.14
1349 41.6
1351.4 40.06
1364.4 39.51
1356.1 40.83
1358.8 41.93
1336.4 41.8
1333.4 43.02
1339 42.77
1344.3 41.71
1342.5 43.49
1335.8 44.49
1340.3 45.74
1350.5 46.58
1342.7 46.79
1351.2 48.22
1340.4 48.52
1337.7 47.05
1340.6 48.1
1324.4 46.77
1320.1 47.33
1321.5 47.64
1322.9 46.98
1311.7 46.35
1306.9 44.7
1312.2 43.16
1322.1 44.44
1349.4 44.83
1344.3 45.5
1336.8 47.62
1330.1 45.88
1321 46.29
1319 44.9
1321.5 43.58
1313.5 43.91
1305.8 43.03
1313.5 43.3
1313.7 43.44
1326.9 45.34
1340.4 46.32
1337.2 44.48
1339.7 45.93
1325.9 44.67
1319.4 47.05
1321.7 47.83
1313.3 48.24
1309 48.81
1266.3 48.69
1265.2 49.83
1249.8 50.44
1248.9 49.81
1253 50.79
1251.1 50.18
1255 50.44
1253.1 50.35
1254.4 49.94
1260.8 50.29
1267.9 51.6
1265.6 50.43
1265.9 50.85
1262 50.52
1271.9 49.96
1264.8 49.18
1267.9 49.72
1275.5 48.7
1271.5 46.86
1286.4 46.67
1306.8 45.34
1302.1 44.66
1303.3 44.07
1278.3 44.89
1273.4 44.98
1272.6 45.27
1265.5 44.66
1221.2 43.32
1224 45.81
1223.4 45.57
1216.5 45.42
1208.5 45.69
1209.6 47.49
1211 48.03
1189.1 47.96
1178.2 46.06
1190.6 47.08
1187.9 45.23
1170.8 49.44
1166.9 51.06
1175.1 51.68
1174 51.79
1167.6 50.93
1175 49.77
1169.8 50.84
1159.4 51.5
1163.5 52.83
1156.7 52.98
1161.3 51.04
1127.8 50.9
1135.3 51.9
1140.5 52.12
1131.5 52.23
1131.1 52.49
1128.8 52.95
1131.9 53.02
1137.3 53.9
1139.4 54.06
1156.4 53.77
1150 53.72
1160.4 52.33
1163.8 53.26
1179.7 53.76
1171.9 53.99
1183.5 51.96
1184.2 50.82
1195.6 52.25
1198.9 53.01
1195.3 52.37
1212 52.48
1211.3 51.08
1200.9 51.37
1204.3 52.42
1215 52.75
1210.3 53.18
1197.3 52.75
1189.5 53.78
1188.1 53.17
1193.2 52.63
1208.6 52.81
1205.6 53.88
1216.7 53.54
1218.5 53.83
1230 53.01
1234.2 52.17
1237.6 52.34
1235.1 53
1234.4 53.86
1224.4 52.93
1223.9 53.2
1231.7 53.11
1240 53.36
1237.6 53.4
1237.5 54.06
1232 53.59
1250.2 54.45
1256.9 53.99
1257.4 54.05
1252.6 54.01
1248.9 53.83
1231.9 52.61
1225.5 53.33
1224.5 53.2
1215.1 53.14
1208.5 50.28
1202.4 49.28
1200.7 48.49
1202.4 48.4
1201.9 47.72
1200.1 48.86
1226.5 48.75
1229.8 48.78
1233.6 48.22
1246.1 47.34
1249.3 48.04
1246.9 47.7
1248.2 47.97
1255.4 47.73
1255.3 48.37
1253.4 49.51
1245 50.35
1247.3 50.6
1250.8 50.24
1255 51.03
1245.4 51.15
1250.3 51.7
1254.3 52.24
1251.1 53.08
1271.2 53.4
1275.3 53.11
1285.9 53.18
1289.4 52.65
1291.7 52.41
1281.4 50.44
1281.9 50.27
1287.4 49.62
1275.8 49.23
1265.6 49.56
1262.1 49.62
1263.7 48.97
1266.1 49.33
1253.3 48.84
1255.1 47.66
1246.4 47.82
1226.5 45.52
1224.8 46.22
1225.3 46.43
1214.3 45.88
1217.3 47.33
1222.7 47.83
1226.2 47.84
1228.6 48.85
1235 48.66
1257.5 49.07
1251.7 49.35
1252.7 50.33
1260.7 50.73
1254.8 51.47
1252.4 51.36
1255.8 48.9
1267.6 49.8
1262.1 49.66
1272 48.32
1267 48.36
1276.8 47.66
1279.3 47.4
1294.4 48.19
1290.1 45.72
1276.3 45.64
1268.5 45.83
1266.1 46.08
1265.8 46.46
1272.8 44.73
1252.2 44.46
1254 44.74
1244.2 44.2
1241 43.23
1243.4 42.53
1247.6 42.74
1256.2 43.01
1246.3 43.38
1246.4 44.24
1248 44.74
1244.2 44.93
1240.7 46.04
1217.9 47.07
1220.4 45.13
1222.2 45.52
1208.6 44.23
1212.1 44.4
1213.6 45.04
1218.1 45.49
1216.3 46.08
1226.6 46.54
1232.8 46.02
1241.1 46.4
1241.2 47.12
1244.8 46.79
1254.3 45.77
1253.9 46.34
1251.7 47.89
1249 48.75
1259.6 49.04
1268.4 49.71
1266.6 50.17
1272.6 49.16
1271.8 49.59
1267.8 49.03
1258.3 49.58
1258.2 49.39
1256.4 49.17
1273 49.56
1283.7 48.59
1287.7 48.82
1284.2 47.59
1273.7 47.55
1276.9 46.78
1286.4 47.09
1285.7 48.51
1290.8 47.37
1285.1 47.64
1288.9 48.41
1286.5 47.43
1292.5 47.87
1309.7 46.57
1313.1 46.44
1308.1 45.96
1316.2 47.23
1324.5 47.29
1339.2 48.66
1333.9 49.16
1345.1 49.09
1346 47.48
1331 48.07
1328 48.23
1323.4 49.3
1324.7 49.89
1320.4 49.89
1306.3 49.91
1306.2 49.48
1312 50.41
1290.6 50.55
1293.3 50.66
1306.8 52.22
1297 51.88
1283.4 52.14
1285.5 51.56
1281.5 51.67
1272.7 50.58
1271.5 50.42
1273.7 49.98
1269.9 50.79
1271.6 49.29
1281.8 49.58
1290.6 50.92
1285.8 51.3
1293.3 50.6
1301.5 51.45
1299.9 51.87
1283 51.88
1279.9 52.04
1286.9 51.29
1277.4 51.47
1277.7 51.9
1275 52.47
1275.4 52.18
1266.3 52.64
1268.5 53.9
1274.1 54.15
1267 54.38
1274.1 54.3
1274.9 54.54
1266.5 55.64
1279.4 57.35
1273.7 57.2
1281.6 56.81
1285.6 57.17
1272.4 56.74
1277.3 56.76
1281.5 55.7
1276.5 55.33
1277.4 55.14
1295.8 56.55
1274.6 56.09
1281.1 56.83
1291.6 58.02
1286.7 58.95
1293.8 58.11
1294.7 57.99
1282.1 57.3
1273.2 57.4
1278.8 58.36
1274.3 57.47
1261.6 57.62
1262.8 55.96
1249.8 56.69
1245.2 57.36
1243.7 57.99
1238.5 57.14
1245.4 56.6
1253.8 57.04
1254.3 57.3
1262.2 57.16
1260.7 57.46
1266.1 58.09
1267.3 58.36
1275.4 58.47
1284.1 59.97
1287 59.64
1294.1 59.84
1306.3 60.42
1313.7 60.37
1316.2 61.63
1319.4 62.01
1320.3 61.44
1318.6 61.73
1311.7 62.96
1317.4 63.57
1320.6 63.8
1333.4 64.3
1335.4 63.73
1338 63.97
1326 63.95
1331.9 63.37
1330.9 63.49
1335.7 64.47
1355.9 65.61
1362.4 65.51
1351.6 66.14
1335.4 64.5
1339 64.73
1344.3 65.8
1333.7 65.45
1333 64.15
1326.1 63.39
1311.6 61.79
1316.9 61.15
1313.1 59.2
1324.2 59.29
1328.1 59.19
1355.5 60.6
1352.1 61.34
1353.2 61.68
1328.8 61.9
1330 61.68
1330.6 62.77
1328.2 63.55
1330.7 63.91
1315.5 63.01
1315.5 61.64
1302.9 60.99
1321.1 61.25
1318.1 62.57
1333.6 62.6
1326 61.15
1319.9 60.12
1322.4 62.04
1319.4 61.36
1325.9 60.71
1324.4 60.96
1316.8 61.19
1311.3 62.34
1316.8 62.06
1311.1 63.4
1320.7 65.17
1326.6 64.3
1349.3 65.88
1354.4 65.55
1341.3 65.25
1324.2 64.38
1322.8 64.94
1342.1 63.01
1332.8 63.51
1335.8 63.37
1324.3 63.54
1331.9 62.06
1336.3 63.42
1342 65.51
1356.5 66.82
1338.4 67.07
1344.8 67.39
1347.5 66.22
1347.2 66.52
1351.2 68.47
1346.8 68.29
1336.7 68.38
1322.5 68.64
1331.4 67.7
1321.2 68.05
1316.3 68.19
1320.3 68.1
1316.2 68.57
1303.8 67.25
1302.6 67.93
1310.7 68.43
1312.7 69.72
1312.2 70.73
1312 69.06
1311.3 71.14
1320.8 71.36
1319 70.7
1316.5 70.96
1288.9 71.31
1290.2 71.49
1288.2 71.49
1290.2 71.28
1290.2 72.24
1291.7 72.13
1289.3 71.84
1303.7 70.71
1303.3 67.88
1298.7 66.73
1301.5 68.21
1300.1 67.04
1294.8 65.81
1293.1 64.75
1297.5 65.52
1297.1 64.73
1298.7 65.95
1298.1 65.74
1298.9 66.1
1295.1 66.36
1296.9 66.64
1304 66.89
1274.6 65.06
1276.2 65.85
1275.6 65.07
1271.2 66.22
1267.2 65.54
1267.4 68.58
1265.6 68.08
1256.6 70.53
1252.8 72.76
1247.8 73.45
1251.3 74.15
1239.8 73.94
1251.6 74.14
1257.3 72.94
1254.3 73.8
1258.1 73.85
1253.8 74.11
1242.8 70.38
1245 70.33
1239.6 71.01
1238.1 68.06
1225.7 68.08
1226.3 68.76
1222.4 69.46
1229.5 70.46
1224 67.89
1223.9 68.52
1231.4 69.3
1225.3 69.61
1222.6 68.69
1221.3 70.13
1223.7 68.76
1217.9 67.66
1210.6 68.96
1214.2 68.49
1208.6 69.01
1209.6 69.17
1212.6 66.94
1211.9 66.81
1211.1 67.63
1191.3 67.2
1193 67.04
1177.5 65.01
1176.2 65.46
1176.5 65.91
1186.8 66.43
1192.6 67.35
1196.3 67.86
1187 67.83
1206.3 68.72
1209 68.87
1207.4 68.53
1204.5 69.51
1197.7 70.25
1200.3 69.8
1192.7 69.87
1194.9 68.72
1197.9 67.77
1193.6 67.75
1193 67.54
1195.4 69.25
1204.7 70.37
1202 68.59
1195 68.99
1199.7 68.91
1196.8 69.85
1202.2 71.12
1206.2 70.8
1196.2 70.78
1199.3 72.08
1200 72.28
1194 71.57
1182.3 72.12
1191.5 73.25
1187.1 75.3
1202.4 75.23
1198.3 76.41
1197.2 74.33
1201.2 74.34
1184.4 74.29
1187.2 74.96
1189.3 73.17
1223.5 70.97
1218.1 71.34
1226.4 71.78
1227.3 71.92
1223.7 69.75
1226.5 68.65
1225.3 69.12
1221.2 69.17
1233.4 66.43
1227.8 66.82
1229.1 67.33
1232.5 67.59
1224.5 67.04
1222.6 66.18
1212.3 65.31
1236 63.69
1230.9 63.14
1229.8 63.1
1223.8 62.21
1226.2 61.67
1222.9 60.67
1206.4 60.19
1201.3 59.93
1199.2 55.69
1207.9 56.25
1212.8 56.46
1220.8 56.46
1223.1 56.76
1219 53.43
1225.8 54.63
1221 50.42
1220.2 51.63
1211.2 51.56
1221.4 50.29
1224.1 51.45
1220.2 50.93
1233.9 52.95
1241.1 53.25
1238.1 51.49
1246.8 52.61
1243.7 51
1241.9 51.65
1244.4 51.15
1242.7 52.58
1237 51.2
1252.1 47.2
1263.6 45.88
1253.8 45.59
1267.5 42.53
1269.2 46.22
1277.3 44.61
1279.9 45.33
1278.3 45.41
1281 46.54
1291.8 47.09
1282.7 47.96
1286.8 48.52
1283.2 49.78
1289.3 52.36
1284.7 52.59
1287.1 51.59
1289.1 50.51
1286.2 52.11
1291.6 52.31
1291 52.07
1281.3 53.8
1282.5 52.57
1283.1 52.62
1279.1 53.13
1297.4 53.69
1302.4 51.99
1308.2 53.31
1309.9 54.23
1319.7 53.79
1316.9 55.26
1314.3 54.56
1314.2 53.66
1309.5 54.01
1309.4 52.64
1313.7 52.72
1307 52.41
1309.2 53.1
1310.8 53.9
1309.8 54.41
1318.1 55.59
1340.1 56.09
1343.3 56.92
1323.5 56.96
1329.2 57.26
1325.9 55.48
1325.1 55.5
1317.7 56.94
1312.8 57.22
1296.4 55.8
1284.8 56.59
1282 56.56
1284.9 56.22
1283.8 56.66
1297 56.07
1288.8 56.79
1296.3 56.87
1307.5 58.26
1293.4 58.61
1301.8 58.52
1300.3 59.09
1305 59.03
1300.5 59.83
1306.1 59.98
1311.6 59.04
1321.9 58.82
1314.3 59.94
1309.9 59.41
1289.8 59.3
1293 60.14
1288.4 61.59
1290 62.58
1289.9 62.46
1289 62.1
1290.4 63.08
1297.1 64.4
1303.5 63.98
1309.1 64.61
1288.6 63.58
1290.6 63.89
1286.8 63.4
1272.6 64.05
1272.2 63.76
1271.9 64
1273.5 65.7
1269.3 66.3
1275.5 65.89
1275.8 65.21
1284.9 63.3
1278.6 63.5
1282.8 63.91
1281.4 63.6
1269.7 61.81
1279.2 61.94
1281.7 62.25
1283.5 61.4
1279.4 62.12
1283.5 61.7
1285.7 61.66
1300.1 61.04
1294.7 61.78
1296.3 62.02
1285 62.87
1274.5 62.76
1276.1 63.1
1272 62.99
1273.6 61.42
1284.8 57.91
1283 58.63
1276.5 59.14
1280.6 58.81
1287.1 56.59
1305.8 53.5
1322.7 53.25
1323.4 53.48
1328.3 51.68
1337.6 52.59
1341.2 53.99
1324.7 53.26
1326.4 53.27
1331.9 51.14
1339.2 52.28
1340.1 52.51
1338.7 51.93
1346.6 53.9
1344.6 53.76
1392.9 56.65
1396.2 57.43
1414.3 57.9
1414.9 57.83
1411.6 59.38
1408.4 59.43
1409.7 58.47
1385.6 59.09
1404.6 56.25
1417.7 57.34
1396.7 57.51
1397 57.66
1397.5 57.83
1410.1 60.43
1404.3 60.2
1409.9 60.21
1411.4 59.58
1409.2 57.62
1421.3 56.78
1426.1 55.3
1425.1 55.63
1425.3 56.22
1420.1 56.77
1422.8 55.88
1413.9 56.02
1418.5 56.2
1419.6 56.87
1429.7 58.05
1426.1 58.58
1420.9 53.95
1445.6 55.66
1464.6 54.69
1472.4 53.63
1507.3 51.09
1497.7 52.54
1496.6 54.5
1505.3 54.93
1502.2 57.1
1515.9 55.23
1519.6 54.47
1512.5 54.87
1500.4 56.21
1504.6 56.34
1504.6 55.68
1497.3 55.35
1526.6 54.17
1526.3 53.64
1541 54.93
1537.8 55.78
1526.5 56.71
1519.1 55.1
1545.9 53.94
1550.3 56.26
1515.4 56.3
1506.2 56.52
1502.2 57.85
1490.3 57.4
1494.4 55.75
1498.7 55.09
1490.9 54.85
1503.1 62.9
1505.1 59.34
1507.5 58.11
1498.4 58.13
1507.3 58.09
1523.7 58.64
1532.1 57.29
1504.6 56.49
1507.5 56.41
1499.1 55.91
1465.7 54.07
1482 53.62
1501 52.64
1507.1 52.45
1506.2 52.81
1497.7 52.75
1497.2 52.63
1506.1 52.59
1494.8 53.55
1482.7 54.7
1491.7 53.59
1477.6 52.81
1488 53.36
1492.3 53.93
1488.2 53.78
1482.4 53.31
1481.7 54.16
1489.9 55.97
1498.9 56.23
1499.5 56.66
1490 55.81
1487 55.54
1493.2 55.06
1511.4 54.18
1508 56.2
1508 56.54
1480.8 57.23
1490.2 56.35
1464.2 57.15
1461.3 57.24
1455.5 56.86
1452.1 56.8
1461.7 57.12
1471.8 56.77
1467.3 57.72
1470.9 57.05
1473.3 55.21
1473.3 57.11
1463.1 58.58
1463.1 57.77
1456.6 58.01
1459.8 58.41
1453.4 58.11
1465.6 55.17
1462.3 55.96
1478.2 56.1
1474 58.43
1476.9 58.43
1459.1 59.2
1459.3 59.02
1462.6 59.24
1469.4 58.76
1466.7 59.18
1475.6 60.07
1475 60.21
1474.6 60.94
1472.6 60.93
1478.2 61.22
1474.7 60.44
1482.5 60.52
1499.1 61.11
1509.3 61.68
1513.8 61.72
1514.5 61.68
1519.5 61.06
1524.5 61.18
1549.2 63.05
1566.2 63.27
1571.8 62.7
1557.4 59.61
1551.7 59.56
1557.5 59.04
1548.4 58.08
1542.4 58.23
1552.1 57.81
1549 58.52
1558.8 58.54
1556.4 58.34
1555.3 56.74
1564.6 55.59
1571.1 54.19
1576.8 53.14
1569.2 53.48
1569.8 53.33
1583.5 52.14
1582.9 51.56
1577.2 50.11
1550.4 49.61
1557.8 50.75
1565.1 50.95
1568.6 50.32
1574.7 49.57
1565.6 49.94
1567.4 51.17
1575.1 51.42
1582.7 52.05
1600 52.05
1607.5 53.29
1616.6 53.78
1644.6 53.38
1672.4 51.43
1646.9 49.9
1640 48.73
1640 47.09
1564.1 44.76
1592.3 46.75
1642.1 47.18
1641.1 46.78
1666.4 45.9
1670.8 41.28
1674.5 31.13
1659.1 34.36
1641.4 32.98
1589.3 31.5
1515.7 31.73
1485.9 28.7
1524.9 26.95
1477.3 20.37
1478.6 25.22
1484 22.43
1567 23.36
1660.2 24.01
1632.3 24.49
1650.1 22.6
1623.9 21.51
1622 20.09
1583.4 20.48
1578.2 20.31
1625.7 25.32
1633.7 28.34
1677 26.08
1664.8 23.63
1665.4 25.09
1736.2 22.76
1744.8 22.41
1756.7 20.11
1727.2 19.87
1720.4 19.87
1689.2 18.27
1701.6 -37.63
1678.2 10.01
1728.7 13.78
1733.3 16.5
1723.5 16.94
1711.9 12.78
1710.5 12.34
1703.4 15.06
1684.2 18.84
1694.5 19.78
1706.9 20.39
1704.4 24.56
1684.2 23.99
1721.8 23.55
1709.9 24.74
1695.3 24.14
1704.4 25.78
1713.9 25.29
1738.1 27.56
1753.4 29.43
1731.8 31.82
1744.2 32.5
1750.6 33.49
1720.5 33.92
1734.6 33.25
1704.8 34.35
1710.3 32.81
1713.3 33.71
1736.9 35.49
1737.8 35.44
1725.2 36.81
1697.8 37.29
1718.9 37.41
1676.2 39.55
1698.3 38.19
1714.7 38.94
1713.3 39.6
1732 36.34
1729.3 36.26
1720.3 37.12
1729.6 38.38
1729.2 37.96
1724.8 38.84
1745.9 39.75
1756.7 40.46
1772.1 40.37
1765.8 38.01
1762.1 38.72
1772.5 38.49
1774.8 39.7
1793 39.27
1773.2 39.82
1784 40.65
1788.5 40.63
1804.2 40.62
1815.5 40.9
1799.2 39.62
1798.2 40.55
1811 40.1
1810.6 40.29
1811.4 41.2
1798.7 40.75
1808.3 40.59
1815.9 40.81
1842.4 41.96
1864.1 41.9
1889.1 41.07
1897.3 41.29
1931 41.6
1944.7 41.04
1953.5 41.27
1942.3 39.92
1962.8 40.27
1966 41.01
2001.2 41.7
2031.1 42.19
2051.5 41.95
2010.1 41.22
2024.4 41.94
1932.6 41.61
1934.9 42.67
1956.7 42.24
1937 42.01
1985 42.89
1999.4 42.89
1958.7 42.93
1933.8 42.58
1934.6 42.34
1927.7 42.62
1911.8 43.35
1940.7 43.39
1921.6 43.04
1964.6 42.97
1967.6 42.61
1968.2 42.76
1934.4 41.51
1927.6 41.37
1923.9 39.77
1933 36.76
1944.7 38.05
1954.2 37.3
1937.8 37.33
1953.1 37.26
1956.3 38.28
1960.2 40.16
1940 40.97
1952.1 41.11
1901.2 39.31
1898.6 39.6
1859.9 39.93
1868.3 40.31
1857.7 40.25
1872.8 40.6
1894.3 39.29
1887.5 40.22
1908.4 38.72
1900.2 37.05
1912.5 39.22
1901.1 40.67
1883.6 39.95
1888.6 41.19
1919.5 40.6
1922.5 39.43
1888.5 40.2
1901.3 41.04
1903.2 40.96
1900.8 40.88
1906.4 40.83
1910.4 41.46
1924.6 40.03
1901.1 40.64
1902 39.85
1902.7 38.56
1908.8 39.57
1876.2 37.39
1865.6 36.17
1877.4 35.79
1890.4 36.81
1908.5 37.66
1894.6 39.15
1945.3 38.79
1950.3 37.14
1853.2 40.29
1875.4 41.36
1860.7 41.45
1872.6 41.12
1885.7 40.13
1887.3 41.34
1884.5 41.43
1873.5 41.82
1861.1 41.74
1872.6 42.15
1837.8 43.06
1804.8 44.91
1805.7 45.71
1781.9 45.53
1775.7 45.34
1814.1 44.55
1825.7 45.28
1836.8 45.64
1835.9 46.26
1861.8 45.76
1870.8 45.6
1834.6 45.52
1833.6 46.78
1839.8 46.57
1828.7 46.99
1852.3 47.62
1856.1 47.82
1887.2 48.36
1885.7 49.1
1879.2 47.74
1866.6 47.02
1874.7 48.12
1879.9 48.23
1877.2 47.62
1879.7 48
1891 48.4
1893.1 48.52
1944.7 47.62
1952.7 49.93
1906.9 50.63
1912.3 50.83
1834.1 52.24
1849.6 52.25
1842.9 53.21
1853.6 52.91
1850.3 53.57
1829.3 52.36
1839.5 52.98
1865.9 53.24
1865.3 53.13
1855.7 52.27
1854.9 52.77
1850.7 52.61
1844.9 52.85
1837.9 52.34
1847.3 52.2
1860.8 53.55
1830.5 54.76
1832.2 55.69
1788.9 56.23
1810.9 56.85
1831.9 57.97
1835.3 58.36
1840.6 58.68
1824.9 58.24
1821.6 59.47
1797.2 60.05
1771.1 61.14
1773.4 60.52
1775.8 59.24
1806.7 61.49
1804.4 61.67
1796.4 63.22
1774.4 63.53
1728.1 61.5
1722.5 60.64
1733.1 59.75
1715.3 61.28
1700.2 63.83
1698 66.09
1677.7 65.05
1716.6 64.01
1721.5 64.44
1722.3 66.02
1719.5 65.61
1728.9 65.39
1730.6 64.8
1726.8 64.6
1732.2 60
1741.4 61.42
1737.8 61.55
1724.7 57.76
1732.9 61.18
1724.9 58.56
1732.2 60.97
1712.1 61.56
1683.9 60.55
1713.8 59.16
1726.5 61.45
1727 58.65
1741.5 59.33
1740.1 59.77
1756.8 59.6
1743.3 59.32
1731.2 59.7
1746.2 60.18
1734.9 63.15
1765.4 63.46
1779 63.13
1769.4 63.38
1777.3 62.44
1792.3 61.35
1781.2 61.43
1777 62.14
1779.2 61.91
1778 62.94
1773.2 63.86
1768.1 65.01
1767.3 63.58
1791.4 64.49
1775.8 65.69
1784.1 65.63
1815.5 64.71
1831.1 64.9
1837.5 64.92
1835.9 65.28
1822.6 66.08
1823.8 63.82
1837.9 65.37
1867.5 66.27
1867.8 65.49
1881.3 63.36
1881.8 62.05
1876.7 63.58
1884.6 66.05
1898.1 66.07
1901.3 66.21
1895.7 66.85
1902.5 66.32
1902.9 67.72
1907.5 68.83
1871.2 68.81
1889.8 69.62
1896.8 69.23
1892.2 70.05
1893.2 69.96
1894.2 70.29
1877.4 70.91
1864 70.88
1854.5 72.12
1859.5 72.15
1773.8 71.04
1767.9 71.64
1781.8 73.66
1776.3 73.06
1782.3 73.08
1775.6 73.3
1776.6 74.05
1779.6 72.91
1762.8 72.98
1770.8 73.47
1775.9 75.23
1782.6 75.16
1793.5 73.37
1801.5 72.2
1799.6 72.94
1810 74.56
1805.5 74.1
1809.4 75.25
1824.3 73.13
1828.4 71.65
1814.5 71.81
1808.7 66.42
1810.9 67.42
1802.9 70.3
1805 71.91
1801.4 72.07
1798.7 71.91
1799.5 71.65
1799.5 72.39
1831.2 73.62
1812.6 73.95
1818.1 71.26
1810.1 70.56
1810.5 68.15
1805.1 69.09
1760 68.28
1723.4 66.48
1728.8 68.29
1750.4 69.25
1749 69.09
1775.2 68.44
1786.9 67.29
1785 66.59
1781.6 65.46
1780.2 63.69
1781 62.32
1803.2 65.64
1805.6 67.54
1788.2 68.36
1792.2 67.42
1816.6 68.74
1809 69.21
1815 68.5
1813.1 68.59
1808.7 69.99
1830.9 69.29
1795.9 68.35
1790.7 69.3
1797.4 68.14
1789.6 69.72
1792 70.45
1804.7 70.46
1792.4 72.61
1754.6 72.61
1749.4 71.97
1761.8 70.29
1776 70.56
1776.7 72.23
1747.7 73.3
1749.7 73.98
1750 75.45
1735.8 75.29
1721.5 74.83
1755.3 75.03
1757 75.88
1766.2 77.62
1759.6 78.93
1760.5 77.43
1757.9 78.3
1756.3 79.35
1754.6 80.52
1758.3 80.64
1793.7 80.44
1796.7 81.31
1767.2 82.28
1764.8 82.44
1769.7 82.96
1784.1 83.87
1781.2 82.5
1795.5 83.76
1806 83.76
1792.7 84.65
1797.9 82.66
1801.6 82.81
1783 83.57
1795.1 84.05
1788.7 83.91
1763.6 80.86
1793 78.81
1816.4 81.27
1827.4 81.93
1830.2 84.15
1847.6 81.34
1863.2 81.59
1867.9 80.79
1866.1 80.88
1853.6 80.76
1869.7 78.36
1861 79.01
1851.2 76.1
1806 76.75
1783.5 78.5
1784.1 78.39
1785.3 68.15
1782.3 69.95
1773.6 66.18
1781.6 65.57
1760.7 66.5
1782 66.26
1777.5 69.49
1782.6 72.05
1783.4 72.36
1774.6 70.94
1782.9 71.67
1786.3 71.29
1770.4 70.73
1762.6 70.87
1796.6 72.38
1803.8 70.86
1793.7 68.23
1787.9 71.12
1801.6 72.76
1811.2 73.79
1808.1 75.57
1810.2 75.98
1805.1 76.56
1812.7 76.99
1827.5 75.21
1799.4 76.08
1814 76.99
1824.6 77.85
1788.7 79.46
1797 78.9
1798.4 78.23
1818.6 81.22
1827.2 82.64
1821.2 82.12
1816.5 83.82
1812.3 85.43
1843.1 86.96
1842.5 86.9
1831.8 85.14
1841.7 83.31
1852.7 85.6
1829.9 87.35
1793.3 86.61
1784.9 86.82
1795 88.15
1800.3 88.2
1809.2 88.26
1803 90.27
1806.6 92.31
1820.6 91.32
1826.6 89.36
1835.2 89.66
1836.2 89.88
1840.8 93.1
1868 95.46
1854.8 92.07
1870.2 93.66
1900.7 91.76
1898.6 91.07
1906.1 92.35
1909.2 92.1
1925.1 92.81
1886.5 91.59
1899.4 95.72
1942.4 103.41
1920.9 110.6
1934.4 107.67
1965.1 115.68
1993.9 119.4
2040.1 123.7
1985.9 108.7
1998.1 106.02
1982.7 109.33
1959.6 103.01
1928.5 96.44
1908 95.04
1942.1 102.98
1928.2 104.7
1928.6 112.12
1920.7 111.76
1936.6 114.93
1961.6 112.34
1953.8 113.9
1939.6 105.96
1912 104.24
1933.5 107.82
1949.2 100.28
1919.1 99.27
1929.2 103.28
1922.9 101.96
1918.4 96.23
1933.8 96.03
1941.6 98.26
1944.3 94.29
1972.1 100.6
1981 104.25
1970.9 106.95
1982.9 108.21
1955.7 102.56
1952.3 102.75
1944.9 103.79
1931 102.07
1893.2 98.54
1901.4 101.7
1885.9 102.02
1888.7 105.36
1909.3 104.69
1861.8 105.17
1868.8 102.41
1867 107.81
1874 108.26
1881.2 109.77
1857.1 103.09
1839.9 99.76
1852.6 105.71
1823.8 106.13
1807.4 110.49
1813.5 114.2
1818.2 112.4
1815.9 109.59
1841.2 112.21
1841.8 113.23
1847.8 110.29
1865.1 109.77
1846.2 110.33
1847.4 114.09
1851.3 115.07
1842.7 114.67
1843.3 115.26
1866.5 116.87
1845.4 118.87
1839.2 118.5
1847.5 119.41
1851.9 122.11
1848.8 121.51
1871.5 120.67
1828 120.93
1809.5 118.93
1815.3 115.31
1845.7 117.59
1835.6 109.56
1834.6 110.65
1834.3 106.19
1825.7 104.27
1826.5 107.62
1820.9 109.57
1817.5 111.76
1813.7 109.78
1804.1 105.76
1798.9 108.43
1761.8 99.5
1734.9 98.53
1737.9 102.73
1740.6 104.79
1730 104.09
1723.3 95.84
1734.2 96.3
1704.5 95.78
1702.4 97.59
1709.2 102.6
1710 104.22
1699.5 102.26
1712.7 96.35
1727.1 94.7
1719 96.7
1717.7 94.98
1719.1 97.26
1750.3 96.42
1762.9 98.62
1769 93.89
1771.1 94.42
1758 90.66
1788.5 88.54
1772.9 89.01
1786.8 90.76
1794 90.5
1795.6 91.93
1789.7 94.34
1798.6 92.09
1781.4 89.41
1773.2 86.53
1760.3 88.11
1755.3 90.5
1747.6 90.77
1734 90.23
1746.8 93.74
1747.8 94.89
1757.7 92.52
1736.1 93.06
1736.6 97.01
1723.2 91.64
1712.8 89.55
1696.6 86.61
1709.8 86.87
1700.4 86.88
1715.3 81.94
1708 83.54
1716.2 86.79
1728.1 87.78
1705 87.31
1696.5 88.48
1665.4 85.1
1671.7 85.11
1666.2 85.73
1659.7 84.45
1664.6 82.94
1670.8 83.49
1645.3 78.74
1623.3 76.71
1626.7 78.5
1660.4 82.15
1658.5 81.23
1662.4 79.49
1692.9 83.63
1721.1 86.52
1711.4 87.76
1711.7 88.45
1700.5 92.64
1667.3 91.13
1678.7 89.35
1670.3 87.27
1670 89.11
1641.7 85.61
1657 85.46
1649 82.82
1627.5 85.55
1630.8 85.98
1651 85.05
1648.7 84.58
1652.8 85.32
1664 87.91
1660.7 89.08
1639.6 87.9
1635.9 86.53
1645 88.37
1645.7 90
1627.3 88.17
1672.5 92.61
1676.5 91.79
1712.1 88.91
1710.1 85.83
1750.3 86.47
1766 88.96
1773.6 85.87
1773.8 86.92
1773 85.59
1760.8 81.64
1751.9 80.08
1737.4 79.73
1738.3 80.95
1744.9 77.94
1753.3 76.28
1740.1 77.24
1748.4 78.2
1746 80.55
1801.1 81.22
1795.9 79.98
1767.4 76.93
1769.3 74.25
1785.5 72.01
1788.7 71.46
1798.1 71.02
1780.5 73.17
1813.9 75.39
1807.5 77.28
1777.2 76.11
1790 74.29
1787.7 75.19
1815.9 76.09
1815.9 78.29
1787 77.49
1795.9 79.56
1814.8 79.53
1807.9 78.96
1819.5 78.4
1819.7 80.26
1839.7 76.93
1852.8 72.84
1834.8 73.67
1864.2 73.77
1872.7 74.63
1871.6 75.12
1874.6 77.41
1895.5 78.39
1918.4 79.86
1907.2 80.18
1904.4 79.48
1922.1 80.33
1926.4 81.31
1927.1 81.62
1933.9 80.13
1941.2 80.15
1929.1 81.01
1928.6 79.68
1922.9 77.9
1929.5 78.87
1927.8 76.41
1916.3 75.88
1862.9 73.39
1866.2 74.11
1871.7 77.14
1877.4 78.47
1866.2 78.06
1862.8 79.72
1851.9 80.14
1854 79.06
1834.2 78.59
1842 78.49
1840.4 76.34
1833 76.16
1832 73.95
1818 75.39
1808.8 76.32
1817 75.68
1828.9 77.05
1837.7 77.69
1833.5 78.16
1847.7 79.68
1847.9 80.46
1813.9 77.58
1812.7 76.66
1829.3 75.72
1862 76.68
1911.7 74.8
1906.2 71.33
1926.6 67.61
1919 68.35
1969.8 66.74
1979.2 67.64
1938 69.33
1946.8 70.9
1993.8 69.96
1982.1 69.26
1952.4 72.81
1972.4 73.2
1966.1 72.97
1980.3 74.37
1969 75.67
1983.9 80.42
2022.2 80.71
2020.9 80.61
2011.9 80.7
1989.1 79.74
2004.8 81.53
2010.9 83.26
2041.3 82.16
2002.2 82.52
1994.2 80.83
2007.4 80.86
1995.2 79.16
2007.6 77.29
1979.5 77.87
1989.1 78.76
1994 77.07
1985.7 74.3
1989.9 74.76
1990.1 76.78
1983.4 75.66
2014.3 71.66
2028.6 68.6
2048 68.56
2017.4 71.34
2026.3 73.16
2036.2 73.71
2030.5 72.56
2014.7 70.87
2014.5 70.04
2018 71.11
1988.4 70.86
1980.7 72.83
1956.5 71.86
1978.7 71.55
1974.8 71.99
1972.4 72.91
1962.8 74.34
1943.1 71.83
1944.1 72.67
1958 69.46
1963.9 68.09
1978 70.1
1952.4 71.74
1958 72.15
1965.5 71.74
1942.7 72.53
1963.6 71.29
1962.2 70.17
1955.3 67.12
1944.6 69.42
1955.3 68.27
1957.8 70.62
1958.4 71.78
1935.5 70.5
1933.3 72.53
1912.7 69.51
1919.1 69.16
1923.7 69.37
1914 67.7
1912.3 69.56
1909.2 69.86
1921.1 70.64
1921.7 69.79
1919.6 71.79
1908.7 71.8
1926.2 73.86
1925 72.99
1931.3 74.83
1956.2 75.75
1959.2 76.89
1960.1 75.42
1952.4 74.15
1977.2 75.75
1977.5 75.35
1968.3 75.63
1964.3 77.07
1960.3 78.74
1962.1 79.63
1968.9 78.78
1945.4 80.09
1960.4 80.58
1970.5 81.8
1940.7 81.37
1937.4 79.49
1932 81.55
1939.6 82.82
1933.5 81.94
1924.1 82.92
1915.4 84.4
1914.4 82.82
1912.9 83.19
1910.6 82.51
1902.5 80.99
1896.1 79.38
1884.1 80.39
1886.1 81.25
1893.3 80.72
1896.4 80.35
1918.5 78.89
1918.2 79.05
1911.1 79.83
1917.9 80.1
1936.5 81.16
1944.3 81.63
1938.2 83.63
1939.8 85.55
1926.2 86.69
1918.1 87.54
1917.5 86.87
1918.4 87.51
1923.3 87.29
1911.3 88.84
1909.1 88.52
1910 90.16
1923.7 90.77
1931.5 91.48
1932 91.2
1945.6 90.28
1919.2 89.63
1925.4 90.03
1916.6 89.68
1900.4 90.39
1871.6 93.68
1860.4 91.71
1848.1 90.79
1830 88.82
1824.6 89.23
1818.5 84.22
1816.6 82.31
1830.2 82.79
1849.5 86.38
1861 85.97
1872.8 83.49
1869.3 82.91
1927.4 87.69
1921.1 86.66
1922.7 86.66
1955.3 88.32
1968.4 89.37
1982.5 88.75
1976.3 85.49
1975 83.74
1984.1 85.39
1987.2 83.21
1988.6 85.54
1996.2 82.31
1985.2 81.02
1978.8 80.44
1985.6 82.46
1991.5 80.51
1981.6 80.82
1966.8 77.37
1951.5 75.33
1964.2 75.74
1932.6 77.17
1945.5 78.26
1961.8 78.26
1960.1 76.66
1983.9 72.9
1981.6 75.89
1977.7 77.6
1999.3 77.77
1991.4 77.1
2002.2 75.54
2011.8 74.86
2039.7 76.41
2047.1 77.86
2038.1 75.96
2071 74.07
2024.1 73.04
2018.5 72.32
2030.5 69.38
2029.9 69.34
1998.3 71.23
1978 71.32
1977.8 68.61
1982.3 69.47
2030.2 71.58
2021.1 71.43
2026.3 72.47
2038.4 73.44
2034.5 74.22
2039.1 73.89
2057.1 73.56
2058.2 75.57
2081.9 74.11
2073.9 71.77
2062.4 71.65
2064.4 70.38
2034.2 72.7
2042.3 72.19
2042.4 73.81
2026.6 70.77
2026.4 72.24
2021.7 71.37
2014.3 72.02
2046.7 72.68
2026 72.4
2002.6 72.56
2018.6 74.08
2026.5 73.41
2019.8 75.19
2023.7 74.37
2013.9 75.09
2016.9 77.36
2016.8 78.01
2025.2 76.78
2031.5 77.82
2048.4 75.85
2053 73.82
2036.1 72.28
2025.7 72.78
2034.5 73.31
2035.2 73.86
2032.2 76.22
2023.3 76.84
2018.2 76.92
1992.9 77.87
1990.3 76.64
2002.1 78.03
2011.5 79.19
2027.5 78.18
2022.3 77.91
2019.7 78.61
2038.6 76.49
2028.5 77.58
2034 78.87
2033 78.54
2045.7 78.26
2086.9 79.97
2117.7 78.74
2133.5 78.15
2150.3 79.13
2158 78.93
2178.6 78.01
2182.5 77.93
2160.4 77.56
2175.4 79.72
2163 81.26
2157.3 81.04
2160.7 82.72
2156.3 83.47
2157.9 81.68
2182.4 81.07
2158.1 80.63
2174.8 81.95
2175.6 81.62
2190.6 81.35
2217.4 83.17
2236.5 83.71
2261 85.15
2294.4 85.43
2288.8 86.59
2325.7 86.91
2331.7 86.43
2343.5 85.23
2329.6 86.21
2354.8 85.02
2356.2 85.66
2365.8 85.41
2390.8 85.36
2371.7 82.69
2382.3 82.73
2398.4 83.14
2332.2 82.85
2327.7 83.36
2324.5 82.81
2329.8 83.57
2334.8 83.85
2345.4 82.63
2291.4 81.93
2299.9 79
2299.2 78.95
2299 78.11
2321.6 78.48
2315.2 78.38
2313.6 78.99
2332.1 79.26
2367.3 78.26
2336.1 79.12
2353.4 78.02
2388.7 78.63
2380 79.23
2412.2 80.06
2433.9 79.8
2421.7 79.26
2389.2 77.57
2335 76.87
2332.5 77.72
2355.2 79.83
2340.3 79.23
2342.9 77.91
2322.9 76.99
2346.6 74.22
2325.5 73.25
2354.1 74.07
2370.3 75.55
2305.2 75.53
2307.7 77.74
2307.5 77.9
2336 78.5
2300.2 78.62
2331.4 78.45
2312.4 80.33
2330.4 81.57
2353.8 82.17
2316.4 80.73
2330 81.63
2316.6 80.83
2299.2 80.9
2324.5 81.74
2327.7 81.54
2327.6 83.38
2323 82.81
2359.8 83.88
2388.5 83.16
2355.2 82.33
2360.1 81.41
2372.2 82.1
2415 82.62
2414 82.21
2422.9 81.91
2462.4 80.76
2454.8 82.85
2451.8 82.82
2395.5 80.13
2392 79.78
2404.6 76.96
2413.3 77.59
2351.9 78.28
2380 77.16
2377.3 75.81
2405 74.73
2426.5 77.91
2435 76.31
2425.7 73.52
2401.7 72.94
2389.1 73.2
2390.5 75.23
2422.2 76.19
2432.1 76.84
2462.4 80.06
2466.7 78.35
2439.4 76.98
2453.1 78.16
2498.6 76.65
2501.8 74.37
2511.3 74.04
2508.4 71.93
2478.9 73.01
2508.4 74.83
2517.7 77.42
2516 75.53
2501 74.52
2525.7 75.91
2493.8 73.55
2489.9 70.34
2493.4 69.2
2511.4 69.15
2493.5 67.67
2501.8 68.71
2512.3 65.75
2512.1 67.31
2551.2 68.97
2581.3 68.65
2580.4 70.09
2564.3 71.19
2570.7 70.91
2588 71.95
2619.9 71.92
2626.5 70.37
2651.2 71.56
2659.2 69.69
2669.9 67.67
2644.3 68.18
2636.1 68.17
2667.3 69.83
2647.1 70.1
2657.1 73.71
2645.8 74.38
2644.8 77.14
2615 73.57
2606 73.24
2620.6 75.85
2657.6 75.56
2647.8 73.83
2661.4 70.58
2674 70.39
2691 70.67
2713.7 69.22
2723.1 70.56
2744.2 72.09
2714.4 70.77
2734.9 70.19
2740.9 71.78
2742.9 67.38
2768.4 67.21
2788.5 68.61
2738.3 69.26
2738.6 69.49
2736.1 71.47
2740.3 71.99
2667.6 71.69
2698.4 72.36
2687.5 70.38
2611.2 68.04
2600 68.12
2580.8 68.43
2568.2 68.7
2565.7 67.02
2610.6 69.16
2627.1 69.39
2648.2 68.87
2672.1 70.1
2709.9 71.24
2616.8 68.94
2620.3 68.77
2639.9 68.72
2657 68
2634.9 68.1
2644.7 69.94
2653.8 68.54
2626.6 68.3
2638.6 67.2
2664.9 68.37
2697.6 68.59
2733.8 70.29
2687.5 70.02
2656 71.29
2651.4 70.71
2644.4 70.08
2636.5 70.58
2592.2 69.91
2628.7 69.46
2612.3 69.24
2620 70.1
2638.8 69.62
2617.2 70.6
2606.1 70.99
2629.2 71.72
2658.9 73.13
2645 73.96
2638.4 73.56
2656.7 74.25
2664.5 73.32
2683.8 73.92
2708.5 76.57
2673.5 78.82
2677.5 77.5
2712.5 80.04
2746.4 78.68
2744.3 77.88
2755 75.89
2767.6 75.44
2763.1 74.62
2777.3 74.66
2737.5 73.17
2766.8 73.77
2769.1 72.62
2823 72.73
2812.5 72.53
2833.9 73.16
2853.3 72.7
2871.6 71.03
2856 70.61
2867.3 71
2914.3 72.32
2912.5 73.32
2909 71.37
2925.9 71.29
2883.6 70.74
2931.6 71.85
2919.4 72.25
2940 72.57
2937.6 70.4
2947.9 70.7
2904.5 68.93
2916.8 68.62
2883.2 70.35
2836.8 69.76
2890.2 68.37
2909.6 68.26
2915.3 66.31
2916.6 66.36
2904.7 67.04
2891 66.03
2912.9 66.25
2939.1 67.68
2984.3 66.55
2994.5 67.18
3000 67.58
3035.1 66.9
3035.9 67.16
3040 68.26
3018.2 68.28
3013.1 69.11
3023.7 69
3020.9 69.65
3060.2 69.92
3086.5 69.36
3122.8 71.48
3163.8 71.49
