271.4 184
271.9 185
269 183.5
270.3 183.75
271.8 186.25
274.1 186.25
273.9 190
278.4 190.5
275.6 190.5
273.6 192
273.1 192
271.6 195.25
270.3 199.5
270.6 200.5
269.3 199.5
270.1 199.5
272.4 197.5
270.5 199.75
276.4 200.5
272.4 204
271.5 204
271.1 203.25
270.3 202
270.1 203
270.1 200.75
266.2 199.5
264.9 198
264.4 196.25
264.3 196
264.4 202.25
264.5 209.5
264.3 211.25
265 213.5
265.8 211.25
264.3 208.75
264.9 208
265.1 208.5
265.8 208.25
265.7 209.25
266.3 212.25
265.7 210.25
266.3 210.25
270.1 212.5
269.8 209.75
266.4 207.5
270.1 205
268.7 209
270.7 210
269.7 215.5
273.7 218
275.2 220.25
271.7 221
272 222.5
268.4 222.5
263.3 218.5
263.2 216.25
264.2 218.75
264.3 218.5
266.4 214.5
266.1 216.5
264.3 214.25
264.5 214.5
262.8 214
262.8 208.75
265.5 208.75
265.6 208.5
268.5 208.5
267.1 211.5
265.2 213
263.3 211.5
262.8 214
260.1 211.25
259.9 210.25
260.7 209.75
259.4 210.25
255.1 213.5
258.2 213
256.1 212.5
258.2 212
258.5 210
265.8 209.75
267.4 209.5
266.8 211.25
265.2 214.5
262.1 217
261.4 215.75
270.8 213.5
271.6 213.5
260 216
258.1 211.5
259.8 208.75
260.5 209.75
261.9 211.75
261.1 208.5
261.5 206
261.9 208.5
261 210.25
259.7 210.5
258.8 209.5
255.6 209.25
258.4 210.25
258.1 212.75
260 213.75
258.3 212.25
257.3 211
258.7 209.25
260.1 210.5
263.3 213.5
261.1 212.75
261.3 209.75
265.3 209
264.8 204.25
263.7 201.5
264.1 198
262.4 194.5
264.4 197
263.9 198.25
264 195
264.4 199.25
265.4 199.5
266.3 200.75
266.1 200.5
266.1 204
270 197
269.1 197.75
268.3 191.5
268.1 201.5
272 201.25
273.6 201
287.4 201.5
285.4 198.5
285.1 194
283.6 192.5
279.1 193
277.9 193.25
273.8 190.75
265.7 189.25
265.3 190.25
266.4 193.5
264.9 196.5
265.7 197
265.7 194.5
266 199.75
273.4 197.5
271.5 199
272 198
275.3 195.5
271.2 193.75
272.4 191.5
273.4 191.5
272.4 193.5
272.6 197.75
272.3 197
273.7 194.25
276.2 192.5
272.1 194.5
269.3 197.25
270.6 197.25
269.4 196.5
267.6 198.5
265.1 201.5
265.9 206
266.5 205.5
266.2 213
268.3 220
266.6 225.5
267.1 230.75
266.9 219.25
268.1 225
270.4 216
269.4 216.75
269.9 214.5
268.8 207.5
269.7 213.25
267.7 217.5
266.2 221
267.4 219
264.6 218.5
266.2 213
267.4 219
267.4 217.5
267.9 214.5
267.1 211
267.2 216.5
267.9 216
273.4 218
273.9 222
276.3 221.75
275.7 222.5
275.2 220
279.3 216.5
276.1 212.25
275 215.5
274.9 215.5
275.3 215
272.5 217.5
272.6 214.25
272.3 219.75
273.7 216
275.4 217.5
271.6 217
272 219
273 216
271.6 213
288.1 217.25
291.5 214.25
289 211.25
291.9 214
290.5 210.5
293.3 210.75
291.7 212.5
292.4 211.75
292.2 211.75
289.9 205.75
290.5 204.5
290.5 206
291.4 206.75
292.4 209.5
288.9 211
285.7 208.5
281.8 209.5
284.9 208.25
282.1 200.75
283.4 201.75
279.2 202.75
280.1 200.5
275.5 200.5
276.1 199
275.9 199.25
277.9 202
279.1 200.5
280.6 198.5
279.5 201
279.7 200.75
279.8 198.25
278.5 198.5
279.7 198.5
281 198.75
276.8 200
277.4 204.5
278.3 205
277.8 204
277.8 204
275.1 207
274.7 206
272.7 208.75
273 209
272.9 209.5
272.3 208
273.2 203.5
274.1 203.75
273.5 199.25
273.9 202
276.9 208.25
275.4 210.5
273.7 211
273.9 205.5
272.2 208.25
272.2 209
278 207.25
277.7 208
280.4 206.5
275.5 206.75
276 204.75
278 203.5
277.4 202
276.5 200.75
278.7 199.75
278.9 199.5
278.2 202
278.9 202.5
278.6 203.5
278.9 204
283.4 202.5
287.1 201.5
287.4 205.5
285.4 205.5
284.4 211.5
287.3 213
284.4 215.25
283.1 213.5
281.5 211.25
278.6 209.75
278.1 209
278.8 210.25
278.3 207.5
296.6 205
302.2 204.5
302.6 207
303.2 202.5
305.9 204.25
302.6 204
301.1 201.25
300.1 201.5
300.5 200.75
298.8 202
301.7 201.25
302.2 198.75
302.1 197.75
300 196
298.8 197.75
302.1 199.75
304.5 198.25
302.3 197.25
303 198.75
304 198.75
304.3 197.75
308.1 197
311.6 196.25
311.2 192.5
308.9 193.5
309.1 196.5
308.3 194.5
312.2 194.75
311.2 194
311.6 199
308.2 198.5
309.5 200.25
311 201.25
310.6 209.75
307.3 209
308.7 216.25
309.8 213.25
310.6 209
315.7 211.5
315.8 210.75
318 207.5
322.5 207.75
320.4 207
323.9 207.5
325.4 211.5
325.5 212.5
326.5 214
326.7 209.5
327.8 210.5
321.2 210.25
324.9 209
324.6 206.75
318.7 206.75
319.7 204.25
320.3 206.75
317.7 211.75
319.1 209.25
317.4 208
319.2 206.75
319.8 208.75
323.2 210
324.6 210.25
324.3 218
320.2 219.75
320.5 221.5
319.2 226
313.5 225.5
314 232.75
312.8 227.75
310.9 224.5
312.1 223.25
316.1 226.25
314.7 222
317.2 216
315.6 214.25
319.6 227.25
317.2 234.75
317.4 231.5
317 232.75
323.9 234.75
323.6 246
312.7 241.5
311.5 249.25
309.8 244.25
303.4 243
302.5 231
303.7 236
303.2 247.25
304 249.25
307 252.75
307.8 253.5
305.5 251.25
314.3 249
310.4 246.25
314.2 250.25
314.1 260.75
314.2 267.75
311.8 273
314.3 272.25
313.7 270.75
306 266
308.7 259.5
307.6 261.25
306.6 260.5
306.7 262.5
309.4 263.25
312.3 261.25
309.4 259.5
312.9 256.5
312.4 259.5
313.4 265.75
314.9 270.5
318.2 272
319.9 273
321.3 278.75
317.9 275.25
316.6 281
318.9 274.25
316.6 266.5
317.1 278
317 276.5
320.6 272.5
322.6 266.75
321.9 260.75
323 254.25
325.9 259.5
322.2 258.5
320.3 260.5
319.7 258.75
323.9 251.5
320.9 255.75
321.5 257
321.1 254.5
322.1 257.75
321.9 260
318.2 257.5
319.6 256
316.5 251.5
316.3 246.75
317.8 245.5
312.6 254
314 253.25
311.6 255.5
312.7 254.25
310.9 254.25
313 251.5
312 250.25
310.7 250.25
313.4 250.25
315.2 247.5
317.7 249
316.5 246
318 247.5
318.8 247.5
318.3 244.25
318.2 242
317.5 243
320.5 241
321.3 235.75
321.2 235.75
324.5 238.25
318.7 240.5
317.9 244
320.7 242
319.2 243.75
318.6 247.5
317.4 248
317.4 246.5
320.7 247.75
317.8 243.25
317.7 242.25
316.8 240.75
317.6 240.25
320.2 237.75
322.2 237.75
324.8 234
326.3 233.25
325.8 232
323.5 234.5
324.8 237.75
331.4 236
333.2 236.5
337 238.75
337.4 238.25
342.1 240
345.9 239.75
340.5 239.25
345.1 242.75
346.8 242.75
348.9 242.75
349.2 239.75
343.4 235.75
347.6 235.75
346.1 237
351.2 236
351.7 235.75
347.3 240
353.9 245.25
353.3 243.5
354.5 234.75
354.7 230.5
352 231.25
350.7 231.25
357.7 230.75
356.6 232.5
357.3 233.75
359.7 234.75
364.5 235.5
368.2 235.5
369.4 235
370 238.5
366.3 235.5
368.6 237
368.3 238.25
370.8 236.75
379 237.75
376.4 236.75
370.1 239
369.9 239.75
363.7 241.5
362.5 241.5
352.6 239.25
357.4 239.75
351.9 240.25
344.2 238.25
349.9 235.25
353.1 235.5
351.8 231.75
356.3 230.75
352.3 232
354 231.75
346.1 230.25
350.2 231.75
349.2 233.5
353.2 236
353.1 236.75
350.8 239.75
354.7 237.25
350.5 237.25
346.5 237.5
335.9 235.25
336.5 230
337.1 229.75
337.6 229.75
336.1 231.5
332.9 233.75
326 231.5
329.5 229
328.4 228.25
330.3 228
328.7 228.75
328.7 227.75
335.9 236.5
334.3 239.5
329.6 240.25
324.9 238.75
325.3 239
321.5 243.25
322.2 242.75
325.6 242
326.7 238.75
327.9 239.25
324.2 239.25
324.9 241.75
325.8 239.25
327.2 240.75
333.5 238.75
334.4 238.75
331.5 238.75
334.8 237.25
333.4 234.75
334.5 231.75
333.7 231.75
339.1 232.75
342.1 233.25
341 234.75
342.3 239
342.5 240.5
341.9 245.75
348.4 245.75
348.6 254.75
351.6 252.75
350 252.75
352.3 252.5
352.6 255.75
354.7 254.25
364.2 246.75
366.3 246.75
372 245.5
368.1 243.75
368.8 243.75
367.8 242
365.2 241.25
369.6 245
364.5 244.25
366 241.5
365.2 240
362.6 237.5
368.6 235.75
363.7 238.75
361.8 236.25
352.2 239.25
355.5 244
353.3 247
356.6 241.75
359 240.5
363.2 242
357.2 244.25
361.3 244.5
356.3 242.75
353 239.5
346.3 239.25
349.3 238.75
343.9 233
345.2 233.5
346 228.5
351.4 229.5
351.3 228.75
351 228.75
348.1 227
344.1 230
343.6 227.25
344.3 224
344.8 224
347.7 223
342.1 208.5
343.1 208
344.2 207.25
347.2 206
350.9 208.25
350.6 208.5
358.6 205.5
362.2 205.5
362.7 206.5
364.8 209.75
361.7 210
356.2 207.75
354 206
346.1 206.75
349.2 209.5
349.6 209.5
350.8 211.5
352.5 212.25
356.3 212.75
361.7 209.5
358.5 219.75
362.1 220
366 220
363.2 220.25
358.4 228.75
361.6 223
365.6 226.75
360.6 224.5
363.1 226.75
361.3 227.25
365.8 227.75
373.5 229
370.5 230
375.7 233.25
373.2 232.5
373.9 237.75
372.9 242.5
377.6 237.75
375.1 233
381.7 234.25
380 235
379.7 227.5
375.8 227
374.5 227
373.5 224.25
376.2 223.75
376.6 223.75
381.8 226
387.2 227.75
385.9 223.75
387.5 224.25
385 226.25
380.8 226.25
382.4 226
385.4 220.25
384.3 220.25
383.1 220.25
369.4 223
372.7 221.25
377.2 223.5
375.4 221.5
369.2 221.75
373.6 216.25
375.2 217.5
375.7 218.5
372.6 216.5
372.7 214.75
371.8 214.25
374 213.75
381.7 215.75
386.5 220.25
384.7 235
388.9 235
387.9 235.25
383.2 240.25
410.4 249.5
409.2 249.25
410.6 246.25
411 243.75
412.3 235.75
414.8 242.75
416.9 241
415.7 246
424.4 253
422.8 251.5
421.9 250
424 251.75
426.4 251
426.3 265.5
423.7 268.5
421.7 268.75
408.4 268.75
406.7 272.5
412.7 275.25
411.1 277.25
410 276
407.9 277
406.6 281.25
410 276.25
414.5 270.75
398.5 270
402.2 276.25
398.7 271.25
399.2 273
401 270.25
398.1 275.25
403.6 279
406.8 284.25
406.4 280
410.2 284.25
413.7 281.25
410.3 282.5
416 284
412.3 279.75
409.8 284.75
397.5 284.75
399 287.25
404.5 290.75
395.8 291.75
395.8 296
396.4 296.25
399.3 296
393.5 289.5
392.4 290.5
392.9 290.75
401.3 290.5
400.6 286.5
404.2 295
400 291.75
400.7 293
395.3 295.5
399.4 307.5
402.4 305.25
406.9 308.25
411.1 312
412.5 312
417.4 318.5
419.8 315.75
417.2 309.5
416.7 306.75
422.1 305.5
417.1 305
421.7 312.25
427.3 320
427.8 325.75
421.6 330.5
415.4 329.5
418.9 326.75
422.8 330
419.9 330.5
420.1 322.25
407 311.75
399.8 316.5
397.7 307.5
401 314.5
400.6 311.25
397.7 309.25
390.8 304
393.3 304
395.1 303.5
396 301.25
398.6 309.25
405.4 242
404.2 242.5
406.6 239
405.6 237
401.9 234
397.1 226.25
395.2 219.25
390.5 223.75
390.3 223.25
387 222.25
389 218.5
387 218.5
391 217.25
391.7 218.25
394 219.25
392.2 221.25
392.3 224
399.8 225.75
400.7 227
400 224.5
395.5 220.75
394.3 218
398.9 217.75
402.9 222.25
404.4 228.5
404.3 225.5
407.1 229.25
413.2 231.25
410.5 234.25
403 232.25
407.9 228
407.4 225.25
403.3 220.25
407.8 224.5
410.4 227.75
408.8 233.5
406 227.75
400.5 223.5
397.4 219.25
399.4 217
398.5 217.5
401.9 210.75
404.1 210.25
405.7 206.5
405 218.5
404.7 216.25
405.8 215.25
405.3 212.75
408.3 212.75
407.2 210.25
410.9 207.75
408.1 205.25
409.1 207.75
412.5 208.5
413 207.25
418.7 205.5
419.5 206
414 202.75
418.2 204.5
418.4 207.25
418 206
423.1 204.5
422 204.75
415.1 202.5
413.2 205.25
418.1 204.25
418.7 206.75
416.2 204
420.3 207
423.5 206
424.4 204.25
424.6 201.75
429 205.25
426.8 206.75
424.8 206.25
425.1 206.25
428.5 202.5
427.3 200
420 199.75
424.6 199
430.1 197.5
433.6 199.5
432.7 198
435.7 198
434 198.25
434.9 197.25
437.9 200
437 202.5
440.2 203
444.8 205.75
442.6 204
446.8 199.25
448.8 197.5
447.8 198
449.3 197.75
453.7 193.25
451.3 192.5
454 191.5
450.4 192.5
456 196.25
454.2 197.75
452 193.75
437.2 195.5
435.8 194.75
433.9 193.5
438.9 197.25
435.9 195
440.8 205
436.9 203.5
441.6 204.5
442.4 206.5
441.8 205.75
440.3 205.5
441.9 207
445.2 207.5
444.3 207
436 203.25
437.5 204.75
428.7 201.75
428.5 201
426.6 201.5
421 208.75
418.9 206.75
419.1 206.75
421.9 206.75
426.1 200.5
424.5 200
422.7 197.25
423.2 196
423 196.75
422.4 197.75
426.7 197
426.9 197.75
422 199
426.9 198.75
426.3 195.75
425.8 195.75
421.8 197
420.8 197
421.1 195.25
416.6 195
414 195
413.6 196.25
412.6 194.75
412.9 195
417.2 198.25
420.5 198.25
425.8 200.5
425.9 200
425.5 197
427.3 199.25
427.1 200
434.5 207.5
434.9 205.75
434.5 205.75
434.9 211.5
436.5 214.5
432.9 211
432.8 210.25
429.9 209.5
434.2 209
435 205.5
440.3 206.75
442.1 209.25
442.8 212.5
446.2 217.5
441.1 214.5
440.9 228.5
443.7 225.5
438.7 223.5
439.3 219.75
431.1 214.5
431.3 214
425.2 210.75
424.7 210.5
425.9 212.75
426 213
428.7 213
425.9 212.75
423.9 209.75
424.5 205.5
427.1 207.25
426.5 205.5
426.9 204
428.6 205.75
427.6 206.75
429.3 205.75
424 207.5
424.9 206.25
427.5 204.25
432.9 209.5
435.3 210.75
433 211.25
434.3 209.25
434.6 213.25
437.9 213
433 208.25
435 204.75
429.5 200.5
426.7 197
429 198
429.8 199.75
426.1 200.5
426.2 199.75
427.2 200.25
427.2 198.25
421.6 196.25
420.2 195.25
418.9 207
419.4 207.5
421.5 210.75
420.5 209.5
417.4 213.25
416.6 224.5
417.5 221.25
418.8 222.75
418 225
419.8 221.25
416.3 222
415.3 224.5
422.7 217
423.7 218.25
426.5 220.75
424.8 220.25
424.7 216
424.2 215.5
427.4 210
429.3 215
427.5 219
429.1 224.25
436.2 225.75
438.3 229
438.4 235.5
438.9 232.25
438.1 229.5
441.7 226.5
440.5 232.75
440.3 221.5
436.4 218.5
435.9 212.25
427.8 216.5
422.9 231
423.5 230.75
423.3 233.75
422.9 226.25
425.5 226.75
426.3 227
423.9 237.25
419.6 245.25
420.7 257.75
420.5 260
419.7 248.5
421.7 241.5
425.4 234
424.7 233.5
425.7 230.5
423.4 234.25
424.7 236.5
427.3 241
429.9 236.5
431.9 231.75
431.9 232.5
436.9 227
437.9 224.5
437.2 220.5
434.7 222
434.2 218.75
436.5 223
445.5 225
445.9 217.75
442.2 210.5
446.1 209.5
439.9 213
439.5 211.25
437.2 210.25
438.1 212.5
439.4 210.5
437.3 208.75
438.4 206.25
437.4 203.75
437 204.75
431.2 203.5
433.8 201.5
442.3 207.75
444.2 203.5
444.4 207.5
444.9 204.25
446.7 202.75
449 203
449.7 198.5
446.1 198.5
449.8 195
455.5 206.5
459.5 206.25
466.7 206.25
466.2 206.75
468.9 206.5
466.6 208.25
463.5 207.25
465.9 204.5
462.6 203.25
469.7 203.25
472.1 202
463.5 201.75
461 202.75
467 201.5
465 199.5
472.8 199.5
471.2 198.25
473.8 197.75
466.3 195.25
468.2 196.75
503.3 189.75
548.3 212.75
553.5 205
558.3 208.25
557.7 213.25
562.2 216.5
559.7 217
558.7 218.75
555.2 218.25
552.4 223.5
550.9 222.5
550.1 219.25
560 218.75
567 221.75
566.6 222.25
573 224.25
586.7 227.75
581.8 236
589.4 236.5
586 234.5
587.9 236.25
595.2 241.5
588.4 243
597.6 241.25
595.2 242
597.5 237
596.5 236.25
615.4 236.5
620 239.25
632.6 238.5
619.8 235.75
632.2 236.5
620.6 232.75
631 231
638.8 231.5
633.3 231.25
651.8 238.25
657.5 238
664.7 233.25
665.9 232.25
674.2 229.75
682.2 230.75
677.8 227
699.4 228.5
703.7 230
719.8 237.75
710.3 248.25
683.6 260
691.5 259
690.5 263
679.6 260.25
656.7 252.75
657 254.5
673 253
637 249.5
648.4 253.25
650.9 254
653.9 254.5
642.5 251.25
627.6 254.5
635.5 259.5
643.2 253
629.4 247.75
627.4 251
609.1 245.5
608.2 242
606.8 247.5
562.5 243.25
562.3 237
566.5 233
578 235.5
568.8 229.75
576.9 229.75
587.5 232.75
582.2 230.5
584.8 228.25
584.8 223
581.6 225.25
578.3 226
576.3 264
572.4 271
578.4 289.5
571.9 275.5
572.3 284
576.3 298.25
588.8 314.5
594.7 316.75
589.7 321
588.9 315.5
599 316
593 312.75
579.7 318.25
584.4 324.25
587.6 327
596.8 327
598.2 332.5
669.4 425.25
656.5 330.5
660.5 332.5
673.3 311.5
665 322.75
673 324
682.5 336.75
681.7 328.75
695.6 323.25
700.8 331.25
703.3 329.75
712.2 324.5
711.9 339.75
709.5 330.75
709.6 336.5
715.8 352.25
715.8 352.25
722 358.25
732.4 369.25
731.4 376.5
732.1 373.5
731.6 371.75
728.3 375
964.5 543.25
972.1 546
981.5 555.5
963.9 543
986.2 557
975 557
972.2 533.5
969.9 555.5
974.2 564
978.8 556.75
992.3 559.75
998.2 545.5
1001.4 539.25
1003.2 547.25
944.7 527.25
919.6 507.5
918.3 524.75
934.6 544.75
949 552.25
948.8 555.5
929.3 754.75
926.2 724.75
942.5 719.5
944.8 748.75
931.9 746
927.3 716.5
921.9 692.75
927.3 683
940.9 675.25
959.5 680
972.7 657
977.7 648.25
961.8 658.5
970 631.25
957.3 609.5
963.1 589.25
948 573.5
922.4 571.5
922 573
926.6 577.25
927.6 582
916.4 594
835.5 388
801.5 384.5
785.1 403
787.6 418.5
766.1 411
733.3 385
713.3 390.25
729.1 372.75
741.7 385.25
739.3 390.75
752.8 420.75
865.4 427.5
841.1 416.5
853.9 406.75
854.3 410.75
820.3 380.75
820.1 362.5
808.2 366.5
806.7 365.25
839.3 391
854.6 383.5
849.6 390.25
858.2 387.5
895.3 390.5
908.5 393.75
899.2 377.5
888.1 384.5
915.5 386.25
922.6 404.75
926.1 396
907.4 402.5
895.6 404.5
871.5 405.5
882.2 396.25
884.8 397
882.2 390.25
894.7 387.5
890.9 394.25
892.8 384.5
879.3 385.75
867.4 376.25
887 369.5
882.1 374
891.8 373.5
905.9 381
913.6 377
907.4 372.25
892.8 375
993.1 341
1008 344
999.5 340.5
1003.2 333.5
1016.7 341.5
1038.6 358.25
1043.3 359.75
1055.4 364
1047.8 362.25
1056.7 381.25
1064.2 381.75
1063.9 383
1049.8 373
1050.7 372
1057.3 386.25
1057.8 384.5
1063.7 398.25
1057.8 403.5
1055.6 397.75
1042.1 378
1034.7 370.75
1029.9 369
1174.2 397.25
1181.1 402.75
1199.1 399.75
1212 391.75
1217.4 385.25
1168.8 373.75
1163.4 368.75
1142.8 369.5
1120.4 368
1125.7 377.25
1119.4 389.25
1123.3 392
1122.4 407.5
1135.5 410.25
1106.8 397
1110.8 397.75
1095.4 400
1086 398.75
1093.3 404.75
1104.1 408.5
1107.2 416
1097 417
1091.5 413.75
1095.2 414.5
1117.7 418.5
1118.1 418.75
1135.9 421.75
1133.1 417.5
1138.2 423
1150.7 422.5
1128.9 392.5
1136.4 384
1142.6 381
1130.1 371.5
1139.7 369.25
1112.3 368
1102.7 372
1089.2 364.75
1095.2 367.75
1097.9 362.25
1084.4 358.25
1112.6 371.5
1102.7 367.75
1096.5 375.25
1107.8 372.25
1118.3 378
1117.8 370.75
1136.9 370.5
1142.7 375.75
1132.6 372
1134.8 364.75
1123.6 364.5
1122 358.75
1107.8 355.5
1108 355.5
1101.5 354
1105.1 363.25
1122.2 366.75
1124 374
1127.4 376
1107.4 374.5
1099.3 370.75
1103.5 362.75
1088.6 365
1092.7 355
1104.2 356.25
1110.3 357
1104.5 354.5
1113.3 345
1125.1 344.5
1132.9 345.75
1135.1 346.5
1152.3 356.5
1152.2 348.25
1161.1 345.75
1161.6 348.25
1152.8 352.5
1159 358
1159.7 363.25
1136.3 364
1135.2 347.75
1138.6 355.5
1148.2 359.25
1142.3 362.25
1153.1 353
1153.5 352.25
1161.7 347.5
1171.3 357
1168.4 360.5
1180.1 366.25
1182.7 362.75
1168.6 360
1174.6 364.75
1196.9 364
1210 364.75
1200.4 363
1219.9 369.75
1242.7 371.75
1228.8 366.5
1227.4 356.75
1227.7 356
1214.3 359.75
1192.6 359.25
1187.8 362
1175.7 369
1193.8 371
1197.8 364.25
1213.3 371.5
1211.9 373.25
1212.2 359
1224.8 354
1220.6 348.5
1208.3 349.5
1216.2 340
1239.3 335.75
1244 337.25
1228.5 338.25
1220.8 343.25
1228.9 349.5
1223.3 353.75
1233.2 353.75
1229.3 356.25
1247.5 357.5
1257.2 360.75
1239.7 355
1239.9 351.5
1234.1 346.5
1245.5 344.75
1255.8 340.5
1238.2 333.75
1242 325
1245.5 354.25
1206.3 365.5
1207.4 364
1194.8 360
1198.6 370.75
1195.8 377.5
1209.6 375.25
1198.5 371.25
1213.3 366.75
1206.8 375.25
1208.1 392.5
1188 394.75
1181.7 381.5
1191.5 374
1191.6 379.75
1195.5 376.5
1187.7 371.25
1183 364
1158 362.75
1160.4 376.25
1168.4 379.25
1181.7 392.75
1183.4 390.5
1185.2 389.5
1193.7 400.25
1197.2 403.5
1203.4 405
1200.7 403
1196.2 393.5
1197.5 395.5
1214.8 406.25
1214.9 411.75
1224.5 407.25
1226.6 414.75
1229.7 418.5
1233.8 414.25
1227.2 421.25
1226.9 417.25
1231.8 405.25
1239.5 404.75
1235.4 416.5
1236 421
1237.1 425.5
1248.3 424.5
1246.3 432.25
1251.5 433
1249.2 449.75
1257.3 451.5
1255.6 447.5
1248.9 456.25
1244.5 464
1245.1 469.25
1269.7 478
1266.7 495.25
1271.9 496
1275.6 513.25
1279 508.25
1272.4 505.25
1290.2 505
1294.3 499.25
1296 521.75
1296.7 512.75
1306.6 500
1308.5 505
1307.8 495.75
1316.1 465.75
1315.4 471.5
1338.9 491
1346.4 488.5
1333.9 498.25
1344.2 528.25
1353.3 555.75
1345.7 579
1369.5 569.25
1376.7 567.25
1371.1 563
1371.2 557.25
1335.1 546
1343.3 573.5
1324.7 564.25
1324.4 560
1338.3 568.75
1338 571
1322.2 577.25
1342.1 579
1357.1 582
1350.2 577.25
1356.4 575.75
1337.1 581
1382.7 590
1397.3 587.75
1402.8 585.25
1409.8 576.25
1399.1 566.75
1403.1 564
1365.4 534
1368.4 555.5
1338.3 526.5
1336.8 525.75
1352.9 541.75
1352.2 520.75
1357.7 515.25
1377.5 528.5
1372.9 538.75
1362.3 538.25
1366 538.25
1385 530
1387.3 551.75
1388.5 540.75
1405.4 559
1415.3 553.75
1408.3 547.25
1382.5 559.5
1392.1 560.25
1384.3 560.25
1397.3 575.25
1403.6 574.5
1385.5 584.25
1370.4 587.5
1378.6 596.5
1385.5 599.5
1388.2 602.25
1386.8 609
1380 614
1382.4 615.25
1405.2 623.25
1413.1 624
1405.6 616
1421.1 629
1422.6 620.5
1378.5 608.5
1373.4 619.25
1371.4 602
1368.5 595
1373.7 607
1384 607
1385.7 631
1386.9 642.5
1360.4 648.75
1368.1 659.5
1370.2 641.25
1346.5 654
1341 657.25
1344.5 655.25
1332.3 644
1333 657.75
1318.4 650.75
1340.7 644
1333.8 659.5
1339.6 666
1331.5 669.25
1352.3 662.5
1348.3 678.5
1347.6 674.75
1363.4 673.75
1364.8 698
1361.9 698.5
1359.9 706.5
1364.6 695.75
1373.6 690.5
1374.7 690.5
1384.7 712.75
1388.2 709.75
1400.5 679.75
1413.4 691.5
1415.3 685.75
1408.7 712
1409.3 722.5
1430.7 727.25
1437.2 714
1416 729.75
1428.2 721.25
1434.1 710.75
1426.9 698.75
1429.3 695
1412.2 676.25
1421.5 659.25
1424.6 664
1392.6 636
1396 616.5
1404 646.5
1415.9 683.5
1426.2 686.5
1427.5 686.75
1437.9 681
1434.8 702.5
1426.1 689.5
1419.8 671
1416 671.75
1423.8 663.25
1438.9 693.25
1428.1 736
1432.2 760.25
1451.8 766.75
1457.7 763
1458.5 759
1473.4 768
1467.4 776
1452.9 752.5
1454.9 755.5
1471.7 754.25
1485.3 742
1492.3 751.75
1494.5 749
1498.3 732.75
1503.2 737.25
1508.6 762.5
1503 766.25
1516.7 752.25
1530.8 723
1556 754
1556.7 730.75
1540.1 719
1514.9 726.5
1480.9 705
1491.2 682.75
1502.9 704.5
1516.6 706
1501.1 668.75
1506.6 681.25
1493.4 679
1490.4 697.5
1479.8 720.25
1495.6 749.75
1492.2 748.25
1508.8 759.5
1515.3 754
1523.2 733.25
1526.6 742.25
1522.8 745.5
1536.3 758.5
1535.9 747.5
1542.4 758.5
1532 766.5
1541.7 754
1546.5 732
1543.3 736.5
1538.1 764
1542.1 785.5
1528.6 787
1515 782.5
1523.8 755.5
1525.6 725.75
1529.3 701.5
1538.6 700.25
1541.5 700.5
1546 707.5
1552.9 677.5
1520.1 680.5
1500.5 670
1496 660.75
1499.7 683
1509.9 698
1502.3 629
1482.3 640.75
1512.3 680.5
1528.7 648.75
1530.2 650
1541.2 672.25
1548.8 681.5
1561.9 697
1585.2 726.75
1589 716.5
1589.8 701.25
1602.1 696.25
1600.9 698
1596.7 688
1586.8 679.25
1601.3 690
1612 678.75
1616.6 689.75
1615 691.5
1613.4 682.25
1628.3 665.5
1619 681.25
1641.9 711.25
1663.4 706
1656.2 693.75
1648.8 693
1710.2 675.25
1740 678.25
1781.3 678
1748.8 702.5
1740.2 701.75
1755.5 707.25
1782.4 714
1791.2 711.5
1818.9 699
1848.9 711
1888.7 720.5
1858.3 730.25
1754.1 731.75
1759.8 732.25
1794.1 752.5
1788.4 756.25
1826.7 763.5
1828.5 757.5
1826 728.75
1873.7 750.25
1869.9 746.75
1814.2 736.5
1854.4 723.25
1856.4 726
1809.9 734.25
1826.8 709.25
1823.5 713
1778.5 701
1812.1 692
1776.4 692.25
1806.6 690.25
1805.5 685.75
1739.2 650
1637.5 638.5
1592.5 648
1650.6 652.25
1616.3 630.75
1615.5 632.5
1620.4 592.5
1656 592.5
1614.7 587.75
1640.3 605.5
1651.9 605.5
1634.5 600
1669.6 605
1659.7 645
1681.3 640.75
1667.3 638.25
1681.8 640
1675.5 640.5
1651.7 644
1646 638.5
1611.9 649.5
1635.1 649.25
1651.5 651
1699.6 650.75
1722.7 637.25
1746.7 651.5
1746.2 655
1724.2 647
1711 654.25
1728.7 645
1764.2 653.5
1755.3 655.75
1790.3 653.25
1798.4 660.5
1790.9 656
1758.9 645.5
1787.5 638.5
1777.8 633.5
1781.7 645.5
1773.8 642.75
1719.8 614.5
1724.7 610.25
1678.3 597.75
1702.2 599
1695.7 588.75
1685.5 582.5
1710.8 591.75
1713.4 598
1745.5 601.25
1735.3 594.75
1747 586.5
1730.7 580.25
1727.9 585.25
1740.9 582.25
1709.8 590
1712.8 585.5
1664.2 585.5
1659.9 588.5
1584.3 580
1574.6 579
1595.6 583
1594.4 601
1615.6 607
1611.9 616.5
1608.9 617.5
1604.7 619.5
1594.2 633.25
1562.9 642.5
1539.9 638
1565.8 646.5
1599.7 658.5
1611.9 658.5
1619.4 643.5
1616.1 643.5
1607.5 652
1631 652
1639.2 651.5
1647.3 611.5
1630.4 599.5
1655.2 604
1659.5 593.5
1654.1 606
1663.7 611.5
1678 620
1664.2 630.25
1699.8 634.5
1726.3 634.5
1731.8 641.75
1731 631.75
1737.8 639
1747.1 642
1756.8 643
1737.9 644.5
1722.8 644.25
1746.4 642.25
1729.3 642.5
1739 637
1723.3 631.75
1723 639.5
1715.9 633.5
1726.3 627
1726.8 636.25
1724.5 641.75
1757.1 629.5
1770 638.25
1784.9 639.5
1775.1 640.75
1773.6 644.5
1787 653.5
1709.9 656.5
1721.1 653.75
1708.8 659
1703 666.25
1671.4 658
1683.3 643.75
1698.1 645
1710.9 654
1699.2 671.5
1693.7 674
1642.5 669.5
1659.1 669
1655.5 673
1666.9 663.5
1646.7 647.5
1650 642
1642.3 644.5
1662.3 646.5
1685.5 637.75
1684.8 630.75
1657.9 620.25
1652.2 604
1669.3 644
1677.5 655
1670 658.25
1612.3 656.75
1628.5 658.25
1642.5 649
1659.5 634.75
1659 636
1679.5 637.5
1659.1 629.25
1648.7 623.25
1650.3 616.75
1638.8 601.75
1640.6 621
1642.1 612.5
1631.9 622.5
1643 618.25
1641.4 611
1659.6 624
1664 653
1663.4 660.25
1661.7 659.75
1653.4 642.25
1634.2 650.75
1644.7 662.25
1638.6 665
1604 666
1593.7 641.25
1595.1 625.5
1583.6 608
1560.6 608
1556.8 597.25
1536.2 620
1574.5 625
1591.6 635.5
1588.4 633
1576.3 597
1548.1 603.5
1557.3 578.5
1568.8 578.5
1548.6 562.5
1563.4 559.5
1562.6 555.25
1620.5 551.5
1612.2 568
1615.2 567.5
1632.8 586.25
1586.6 594
1590.1 598
1595.5 592
1612.7 584
1618.1 592.5
1618.4 601.5
1627 579.5
1625.7 599.5
1622.2 612.5
1614.8 611.75
1564.5 586.5
1566 591
1587.5 631
1574 646
1577.5 649.5
1549.7 652
1603.5 672.5
1597.2 692.5
1621.3 718.75
1608.9 768
1578.4 743.25
1588.6 775.25
1579.3 761
1575.2 750.75
1564.9 771.25
1591.6 755.75
1591.2 776.75
1589.1 779.5
1570.4 795
1580.1 807.75
1582.5 824.5
1577.1 814
1576 790
1608 794.5
1615 781.25
1617.9 798.5
1619.7 820
1610.5 806.5
1603.7 800.5
1587.4 794
1606 810
1612.9 803
1609.7 796
1612.9 810.75
1617.1 818.25
1619.7 800
1609.6 782.75
1599.4 779.75
1603.7 794
1616.1 797.75
1616.3 798.5
1620.1 815.25
1639.9 831.25
1637.4 830.25
1669.6 808.75
1669.8 802.25
1672.4 794.5
1666.5 789.5
1659.8 810.25
1653.5 811.5
1684.6 802.75
1692.9 807
1690.8 789.75
1702.6 797.25
1737.5 795
1728.7 781
1731.8 782.25
1730.6 771
1769.1 776.75
1769.8 777.5
1767.7 748
1768.4 740
1769 756.5
1767.7 746
1775.5 748.25
1762.1 744.75
1763.8 743.75
1750.6 724.75
1777.6 716.25
1771.1 756.25
1780.5 756.75
1772.7 758.25
1777.3 756.75
1794.1 757
1778.6 748
1773.5 742
1763 742
1763.2 736.75
1768.8 773.25
1758 752.75
1736 737.25
1744.7 738.25
1751.5 745.5
1743.3 760.75
1722.8 761.5
1725.1 761.25
1708.3 756
1700.5 754.5
1712 742
1710.9 737.75
1717.5 755.75
1714.1 751
1674.1 739.5
1682.2 735.5
1714.1 741
1713.2 744.25
1725.4 741.25
1730.3 738.75
1730.3 718
1724.2 723.5
1729.5 725.75
1713.3 721.25
1714.3 727
1734 738.75
1723.2 743.25
1727.9 741
1751.3 745.5
1749.5 747.25
1742.2 760
1716.5 760.25
1727.2 751.5
1710.9 748
1719.6 749
1694.4 746.5
1692.4 753.25
1700.3 747.75
1704 732.75
1713 726.75
1708.2 724.25
1716.6 721
1695.6 712.25
1695.8 718.75
1697 724
1669.5 720
1666.5 703
1644.9 696.5
1659.1 702
1658.6 704.25
1659.8 693.25
1662.6 691.5
1654.9 694
1674.8 698.25
1687.9 690.75
1673.7 689.25
1648.1 680.25
1645.5 685.5
1661.5 688.75
1654.8 694.25
1677.3 698.75
1660 708.75
1668.9 724
1683.4 730.5
1682.7 731.25
1690.4 724.5
1686.6 727.5
1692.8 728.5
1686.3 720.75
1669.5 724.25
1656.4 720.75
1652.4 729.25
1660.7 729.5
1679.9 740.25
1660.6 740.5
1669.4 736
1675.3 734.25
1672.4 729
1677.7 722.5
1670.4 710.75
1666 709
1648.2 702.25
1648.7 696.25
1644.2 695.5
1634.7 694.75
1608.8 698.75
1603.6 695.25
1577.6 700.5
1578.2 690.75
1572.4 690.25
1586.2 693.5
1615.2 705
1595.2 709.5
1577.7 719.5
1571.9 724.25
1572.1 723
1574.6 732
1574.6 708
1574.8 711.5
1576.6 725.25
1577.8 734.5
1591.5 741
1588.3 741.25
1590.6 732.75
1592.5 717
1604.6 720
1611.3 728.5
1607.5 732.5
1613.8 733
1606.2 726.25
1604.6 733.25
1595.8 730.25
1606.2 735.25
1594.8 695.25
1600 642.25
1575.1 640.5
1552.8 641.5
1551.8 630
1575.4 629
1572 633.5
1586.2 644.25
1558.3 649
1564.3 651.25
1501 658.5
1360.6 646.75
1386.8 663.25
1382.2 660.5
1392 644.5
1395.3 652
1421 645.75
1408.6 638.5
1423.4 639.5
1461.8 645.25
1453.6 644
1467.4 684
1472.2 683.25
1446.3 681.75
1467.7 697.5
1464.3 699.5
1468.1 678.75
1449 676.5
1473.9 675
1468.8 694.5
1436.8 687.75
1434.5 718
1424.7 706.75
1396.5 650.75
1387.1 641.5
1364.9 652.75
1384.3 649.5
1377.8 640
1367.6 658.5
1392 662
1386.8 657.25
1379.1 666.5
1391.3 665
1411.5 654.25
1392.6 662
1411.7 655.75
1397.1 660.5
1398.4 660.75
1415.7 663.25
1383 666.25
1386.2 650
1377 659.5
1391.8 650.75
1377.6 643.5
1387.3 655
1382.8 668.5
1366.6 673.25
1373.6 682.25
1285.9 673.25
1291.6 661.75
1276.8 653.25
1274.8 656.75
1229.6 664.5
1211.4 667.25
1223.8 679.25
1255.9 655.5
1243.6 672.75
1252.1 678.25
1212.9 684.75
1234.9 691.75
1245.9 704
1247.4 709.75
1280.1 716.75
1277.8 701.5
1283.8 536.25
1290.8 545.25
1277.9 538.5
1284.6 541
1293.3 544
1336.4 540.75
1335.1 522.5
1319.7 508.25
1329 496
1321.7 492
1328.4 489.25
1324 495.5
1312.4 499
1311 487.5
1310.6 476
1302.6 469.25
1283.2 472.25
1286.1 468.25
1310.7 473.5
1312.9 465.75
1334.7 472
1321.2 455.25
1334 464.75
1361.6 481.5
1371.7 473.75
1366.2 493.25
1373.1 483.75
1370.6 498
1371.2 487.5
1395.7 495.5
1393 515.75
1420.6 499.75
1419 504.25
1412.9 497.25
1396.1 495
1412 498
1389.9 494
1373.1 489.5
1386.7 491.5
1386.8 477.25
1364.1 474.75
1363.9 479.75
1330.4 479
1308.4 450
1317.9 456.5
1309.5 454
1307.8 456.25
1369.4 459.5
1332.5 451
1326.9 453.25
1316 448.75
1335.9 454.75
1323.6 456.75
1338.4 454
1326.5 441.5
1286 439
1320.6 439
1317.4 439.25
1309.7 443.25
1324.8 449.25
1324.2 441.75
1306.9 443.5
1296.6 438.25
1268 433.25
1276.4 437
1273 443.5
1282 442.75
1322.7 443
1314.4 441.5
1315.7 444
1342.5 438.25
1333.9 442.75
1350.2 440.25
1352.4 440
1352 430.75
1345.2 432
1349 430.25
1323.6 428.25
1313.1 427.25
1314.6 426.25
1308 425
1317.7 421.25
1308.4 420.5
1284.5 426.75
1281 434.75
1271.1 432.25
1268.3 429.75
1286.2 426.5
1287.3 422
1272.2 412
1273.4 417.75
1257.9 417
1243.5 423
1244 422.25
1241.1 424.75
1241.4 418.5
1237.8 417.25
1250.6 415.25
1222.3 416.5
1221.7 422
1248.2 425.5
1233.2 422.75
1230.3 424
1235.3 428.5
1262.4 427.5
1258.5 431.25
1226 428.25
1235.7 420.5
1245.5 423.25
1231.2 426.75
1236.1 425
1195 430.5
1205.1 433.25
1198.4 434.25
1205.1 434.5
1214.1 426.25
1216.1 427.5
1203.1 423.5
1201.9 422
1225 420.5
1238.4 423.5
1237.8 427.75
1229.4 426
1225.3 417
1229.3 412
1246.7 432.75
1250.9 434.5
1245.2 431.5
1238.1 425.75
1240 428
1251.7 424
1242.3 425
1239 426.25
1262.6 429
1264.5 429.5
1263.6 431.75
1251 432
1262.2 427.5
1242.2 433.5
1240.1 434
1260.4 435.75
1251.7 441.75
1257.3 443.25
1257.6 443
1263.3 444.25
1274.8 443
1290.1 441.5
1295.3 440
1300.4 440.5
1319 445.25
1324.7 449.5
1320.6 453.75
1317.1 455.75
1323.9 453
1338.3 451.5
1343 455.75
1328.2 455.5
1331.6 448
1321.4 457.5
1350.1 464
1337.8 476.75
1340.2 475.25
1351.7 485.75
1338.1 481
1341.4 472
1346.5 478
1370.3 484.25
1372.2 484.25
1379 472.25
1372.9 479
1359 486.25
1341.4 487.75
1330.5 478.5
1336 479
1311.2 490
1311.4 486.5
1303.4 484.5
1294.7 492
1293.8 492
1283.4 502
1279.6 507.5
1290.5 495.75
1284.4 500
1303.2 501.75
1298 499.25
1308.7 507
1305.5 502.25
1320.1 501.25
1318.7 498.5
1327.2 503
1300 503.75
1303.1 497.5
1293.4 494.75
1288 488.5
1280.6 496.25
1284.2 503.5
1290.5 501.25
1300.7 507
1298.9 507.75
1296 515.75
1295.6 514
1283.1 503.25
1302.6 494
1309 503.25
1308.3 513
1288.6 510.25
1287.4 513.25
1287.3 505
1295.6 497.5
1294.6 503.25
1305.7 494.75
1293.5 484.25
1293.3 483.5
1293.7 477.25
1294.5 473.5
1288 474.5
1294.9 476.75
1291.6 478
1265.4 469.75
1259.3 472.5
1256.3 469.5
1245.6 465.75
1243.7 465.5
1244.3 458.25
1244 456.25
1253 449
1252.1 459
1253.5 451
1259.8 445.5
1260.8 441
1273.6 444
1273.7 447
1274.9 441
1271.7 438.75
1272.4 441.5
1313.7 450.5
1316.2 453.25
1318 444.5
1320.9 443
1322.2 441
1316.1 442.75
1319 443
1321.8 424.25
1326.4 422.75
1330.7 418.5
1320.4 417
1316.5 409.25
1316 408.25
1323.8 404
1338.7 400.5
1337 399.75
1306.3 390.25
1296.9 374
1299.6 378.25
1316.7 379.5
1309.2 371.25
1313.7 364
1306.1 360.25
1304.5 362.5
1290.6 361.5
1303.1 363
1303.3 367.75
1298.3 361.5
1294.9 361.75
1281.3 357
1293.6 352.5
1287.7 358.75
1284 356.25
1306.7 363.25
1310.8 359.5
1308.9 351.75
1308.5 356.75
1308.8 358.5
1312.8 358
1313.9 362
1304.5 365.75
1297.7 360.75
1295.1 362.5
1293.4 359.5
1273.7 362.25
1278.6 365.5
1277.3 360
1283.8 356
1281.9 356
1288.7 361.75
1285.8 359
1263.7 355.75
1268.9 341.25
1265.1 335.75
1265.8 346.5
1252.7 339.25
1246.8 336.25
1243.5 338.75
1237.4 331.75
1229.9 339
1233.6 343
1235.2 343.75
1234.4 341.75
1225.7 338.25
1215.3 331.5
1216.8 330.25
1221 325.5
1218.6 329.5
1221.2 326
1214.1 323
1217.5 325.75
1210.5 320.75
1214.6 321.25
1214.2 322.75
1192.2 323.25
1206.7 332.5
1211.7 340.5
1205.3 343.25
1224.6 344.75
1221 334
1229.3 346
1233.6 357
1244.1 347.5
1240.5 352.25
1238.3 348
1244 348.25
1251 356
1244.8 353
1228.5 359.75
1231.2 353
1229.1 363
1229.2 364.5
1224.3 375.25
1198.1 374
1171.1 376.75
1169.4 373.5
1167.4 364.5
1145.4 370.25
1142.3 371.25
1169.6 367.5
1159.6 369.25
1162.8 373.75
1158.9 377.75
1161.1 386.25
1185 381.75
1183 377.5
1196.7 372
1193.6 363.25
1190.7 373.25
1197.5 372.75
1195.5 367.5
1197.1 374.25
1196.6 378.25
1175.2 375.75
1218 375.5
1199.2 367.75
1208.5 368.75
1207.5 376
1190.1 381.5
1194.7 377.5
1231.5 383
1228.9 382.5
1225.1 390
1222 396.25
1207.2 408.5
1193.9 406
1194.3 408.25
1194.7 411
1195.9 410.5
1179.7 411.75
1177.9 414
1173.5 407.75
1195.3 414.75
1181.7 412.75
1200.2 406.5
1183.9 397
1186 395.75
1203.9 406
1219.3 405
1210.6 396.25
1208.4 394.25
1216 400.25
1232.7 402
1234.3 385.75
1234.4 381
1264.7 380
1276.9 387
1294.2 390.25
1293.7 388
1300.7 383.75
1292.6 386.75
1279.4 384
1291.7 381.25
1285.9 373.25
1254.6 371.5
1278.5 370
1276.2 369.75
1259.7 385.75
1263.8 383.5
1262 385.25
1233.9 385.75
1240.8 391.25
1231.6 388
1219 385.75
1220.1 383
1226.5 387.25
1208.1 389.5
1199.7 383.75
1207.1 389.75
1204.4 385.25
1200.3 378.75
1196.9 377.5
1201 375.75
1209.6 380
1212.6 384.5
1207.7 378.75
1204 382
1200.6 381.5
1195.9 382.75
1164.1 379.25
1166.4 383.25
1160.1 382.25
1150.7 384
1152.1 382.25
1152.6 374
1153.3 379
1148.3 371
1151.4 374.75
1169.1 373.5
1184.8 385
1188 390.25
1191.7 393.25
1197.3 395
1205.1 391.25
1199.8 391
1184.8 394.5
1183.1 376.25
1208.1 381.75
1200.9 386.5
1218.6 385
1210.6 383
1203.1 379.25
1193.6 378
1204.6 377
1199.3 370.5
1192.8 373.5
1201.5 376
1198 376.25
1202.9 379.75
1193.5 378
1202.9 373
1186.9 372.5
1194.4 370.75
1175.2 364.5
1203.3 360.75
1214 361
1209.8 363.75
1182.4 362.5
1174.5 359.75
1186.8 358.75
1193.2 361.25
1190.3 366.5
1182.4 357.75
1189.1 358.5
1183.2 358.25
1192.6 357
1218.4 356
1225.4 361
1225.5 365.5
1227.8 368
1206.9 362
1208.9 360
1204.4 365
1204.3 360
1187.2 355
1185.9 349.5
1188.1 353.5
1189.4 351.5
1188.3 352.25
1194.1 359
1184.7 359
1174.9 363.5
1167.8 360.5
1173.2 365.25
1177.3 365
1186.1 357.25
1179.9 356.5
1178.8 353
1185.3 348.25
1180.5 354
1176.4 359.25
1201.5 358
1201.5 353.25
1183.7 360
1176.2 367.5
1172.6 366.5
1171.5 376.5
1172.9 385
1178.5 383.25
1171.5 414
1169 413.75
1163 419.75
1172.9 418.5
1152.4 415.75
1163.3 416.25
1159 421.25
1157.7 427.25
1155.2 433.5
1153.3 424
1147.2 429.5
1143.8 430
1131.8 420.25
1106.7 405
1103.4 406.5
1091.4 402.75
1094 403.25
1085.6 392.5
1096.5 373
1096.3 375
1092.7 367.75
1088.4 373.25
1094.9 371
1089.4 366.5
1090.7 368.75
1085.7 372.75
1090.2 369.75
1094.1 372.75
1104.2 390.25
1107.6 376.5
1123.2 357.25
1115.7 363.75
1112.9 364
1118.6 363.25
1117.1 366.25
1128.1 367.25
1153 371
1159.6 365.25
1153.4 368.75
1138.2 365.5
1124.6 361.75
1122.4 363.75
1133.1 363.25
1131.6 363.75
1138.7 356
1132.5 354
1123.7 347.75
1120.6 349.5
1120.4 355
1102.2 356.5
1109.5 361.75
1103.5 374.5
1107.7 379
1102.8 390.5
1119.2 386
1117.3 379.75
1138.1 377.25
1133.1 384.5
1125 380.5
1131.6 383.25
1153.8 381.5
1146 389
1132 386.75
1127.1 389
1115.5 387.75
1114.2 388.75
1137.1 389.25
1138.1 393.5
1146.8 398.25
1149 395.75
1144.7 391.25
1156.3 382.75
1164.9 380.75
1165.8 384.5
1180.1 379
1187.9 375.5
1183.6 376.75
1173.3 373
1178 376.75
1167.6 380.75
1166.6 378.25
1163.3 379.75
1167 384.5
1166.8 380
1177.1 376
1147.2 380
1141.5 382.25
1135.8 376.5
1114.2 380.5
1106.5 380.5
1104.4 374.5
1087.6 373
1087.9 366.75
1088.2 359
1084.7 362.25
1080.8 362
1080.8 358.25
1083.7 360
1068.7 362
1068.8 361.75
1078 364.25
1076.4 363.25
1066.8 367.25
1074.3 364.25
1070.5 366
1056.2 359.25
1065.8 365
1063.8 367
1054.2 364
1061.7 370.25
1084.5 376.25
1076.4 368.5
1076.3 370
1077.6 371.75
1073.1 377.25
1076.9 373
1064.7 381.75
1062.9 377.25
1078 369.75
1050.8 374.25
1066.2 374.5
1081.9 372
1074.8 366.25
1069.4 365.5
1077.2 364.5
1070.5 361
1077.5 362.5
1060.1 359
1060.3 358.75
1075.1 351.5
1078.4 353
1091.9 353.25
1107.7 353
1097.8 357
1096.5 351.75
1085.6 356.75
1087.5 358
1073.9 358
1091.5 363.25
1089.9 367.75
1107.1 368.75
1099.1 367
1097.2 370.25
1106.2 369.75
1121.7 369.25
1116.1 369.25
1115.6 365.5
1116.4 372
1127.9 371.25
1127.3 372.5
1141.3 371
1157.6 368.5
1157.8 365.75
1197.9 362.25
1198.7 361
1194.7 360.25
1247.9 360.25
1239.1 358.75
1207.9 363
1211.1 367.25
1226.1 365.5
1230.4 365.5
1209.5 367.5
1222.3 362
1238.7 359.75
1238.2 355.5
1219.8 354.5
1233.9 353.5
1230.3 353.75
1241.1 354.5
1257.4 353.75
1269.9 354.5
1263.2 355
1262.1 358.75
1256.6 359
1272 362.5
1258.7 366
1244.4 366.75
1230.4 368.5
1229.3 368.25
1264.5 368.5
1253.8 367
1243.8 369.5
1248.2 370
1223.7 368.5
1221.4 370
1219.9 370.5
1235.6 373
1226.9 367
1234.2 351.5
1222.2 354
1218 354.5
1228.4 356.75
1222.5 358
1236.2 361.5
1242.5 362.25
1256.7 356.75
1259.4 362.75
1246.8 373.5
1225 374
1233.1 378.5
1233.6 381
1253 384.5
1253.2 394.75
1249 384.5
1228.7 371.75
1238.9 377
1242.2 382.25
1249.2 380.75
1265.5 387
1289.2 390.25
1294.7 390.25
1290.7 378.25
1273.3 373.25
1271.4 371.75
1292.9 376
1265.6 367.75
1263.9 378.5
1274.6 374
1270.3 385.25
1271.9 382
1273.4 394
1276.2 397
1273.7 399.5
1254.2 390
1252.4 394.5
1251.1 397.75
1228.9 397.5
1223.5 404.75
1220.1 408.25
1214.8 404.75
1211.9 413.75
1209.8 415.25
1240.1 418.25
1244.6 427.25
1244.4 427.75
1259.8 431.25
1270.2 426.5
1273.4 423
1284.4 430
1285.6 436.5
1285.8 429
1296.1 425.25
1292.5 437.75
1290 421.25
1270.5 396.25
1268 393
1261.2 387.25
1320 384.5
1322.5 385.25
1315.3 385.25
1323.9 372.75
1318.4 358.75
1336.7 353
1356.4 344
1364.9 335.75
1360.1 335.5
1356.6 349.75
1355 343.75
1334.1 349.75
1342.4 365.75
1331.3 362.25
1326.5 352.25
1328.4 357
1331.5 341.75
1318.8 337.5
1330.5 334.25
1323.1 335
1319.3 334.75
1320.7 332.5
1326.6 335.75
1332.3 331.25
1349 334.5
1351.4 325.75
1364.4 324.25
1356.1 325
1358.8 320.75
1336.4 324.25
1333.4 325.25
1339 322.25
1344.3 322.5
1342.5 321
1335.8 322.25
1340.3 326.5
1350.5 327.5
1342.7 330.25
1351.2 332
1340.4 334.25
1337.7 333.25
1340.6 328.5
1324.4 327.5
1320.1 323.5
1321.5 316.25
1322.9 311.75
1311.7 304
1306.9 301.5
1312.2 311
1322.1 316.5
1349.4 316.75
1344.3 321
1336.8 327
1330.1 330
1321 329.25
1319 319.25
1321.5 322.25
1313.5 330
1305.8 337
1313.5 337.25
1313.7 340.5
1326.9 340
1340.4 336.75
1337.2 336.5
1339.7 329
1325.9 331.75
1319.4 329.25
1321.7 329.25
1313.3 336.75
1309 346
1266.3 348.25
1265.2 347.75
1249.8 340.5
1248.9 339.75
1253 345.5
1251.1 337
1255 349.5
1253.1 354.25
1254.4 354
1260.8 353.75
1267.9 357.5
1265.6 351
1265.9 352.5
1262 348.25
1271.9 349.25
1264.8 354
1267.9 357.5
1275.5 355
1271.5 354.75
1286.4 349
1306.8 346.25
1302.1 348
1303.3 348.75
1278.3 346.25
1273.4 354.25
1272.6 340.75
1265.5 343.5
1221.2 337.25
1224 341.5
1223.4 338.5
1216.5 342
1208.5 345.5
1209.6 349.75
1211 351
1189.1 350.75
1178.2 349.25
1190.6 348.5
1187.9 336.75
1170.8 336.75
1166.9 331.75
1175.1 337.5
1174 349.5
1167.6 351
1175 350.5
1169.8 346.5
1159.4 352.5
1163.5 354.5
1156.7 356.25
1161.3 351.75
1127.8 356.5
1135.3 356.25
1140.5 353.25
1131.5 350.25
1131.1 347.25
1128.8 347.25
1131.9 345.75
1137.3 355
1139.4 348.25
1156.4 349.75
1150 352
1160.4 355.75
1163.8 359.75
1179.7 361.25
1171.9 358
1183.5 360
1184.2 358.25
1195.6 357.25
1198.9 358.25
1195.3 358.5
1212 365.5
1211.3 365
1200.9 366.25
1204.3 369.75
1215 369.5
1210.3 363.25
1197.3 366.25
1189.5 363.75
1188.1 362.5
1193.2 357.75
1208.6 359.75
1205.6 368.25
1216.7 367.5
1218.5 365.25
1230 363.75
1234.2 368.5
1237.6 370.75
1235.1 369.5
1234.4 374.5
1224.4 375.5
1223.9 374.25
1231.7 378.75
1240 373.5
1237.6 368.25
1237.5 369.25
1232 371
1250.2 365.5
1256.9 364
1257.4 360.25
1252.6 366.75
1248.9 375.75
1231.9 372.75
1225.5 374.75
1224.5 372.75
1215.1 369.5
1208.5 365.25
1202.4 359.75
1200.7 358
1202.4 354.5
1201.9 353.75
1200.1 363.5
1226.5 366
1229.8 367.5
1233.6 363.5
1246.1 361.25
1249.3 358.75
1246.9 356.75
1248.2 356.25
1255.4 355.75
1255.3 357.75
1253.4 358.5
1245 357.5
1247.3 364.25
1250.8 367.75
1255 363
1245.4 364.75
1250.3 360.75
1254.3 359.5
1251.1 367
1271.2 366.5
1275.3 369
1285.9 371
1289.4 366.5
1291.7 361.75
1281.4 361.75
1281.9 357.75
1287.4 357
1275.8 359.25
1265.6 365
1262.1 359
1263.7 362
1266.1 358
1253.3 369.25
1255.1 364
1246.4 366.25
1226.5 358
1224.8 361.75
1225.3 356.75
1214.3 358.25
1217.3 365.25
1222.7 360.5
1226.2 361.75
1228.6 367.75
1235 367.75
1257.5 371.5
1251.7 366
1252.7 372.5
1260.7 375
1254.8 369.5
1252.4 371.25
1255.8 369.25
1267.6 374.25
1262.1 367
1272 372
1267 370.5
1276.8 372.75
1279.3 373
1294.4 377.25
1290.1 384.75
1276.3 385.75
1268.5 387.75
1266.1 377.25
1265.8 381
1272.8 377
1252.2 379.5
1254 384
1244.2 375.25
1241 370
1243.4 368.75
1247.6 362.75
1256.2 357.75
1246.3 359
1246.4 359.25
1248 356.75
1244.2 359.75
1240.7 370.5
1217.9 378
1220.4 381.75
1222.2 380.25
1208.6 382.25
1212.1 391.75
1213.6 392.25
1218.1 376.25
1216.3 361
1226.6 365.25
1232.8 375
1241.1 377
1241.2 382.5
1244.8 391
1254.3 379.75
1253.9 377.25
1251.7 368.75
1249 372.75
1259.6 374.25
1268.4 374.25
1266.6 370.75
1272.6 362.5
1271.8 365
1267.8 363.5
1258.3 366.5
1258.2 372.25
1256.4 369.75
1273 372.25
1283.7 357.25
1287.7 360.75
1284.2 362.75
1273.7 355.25
1276.9 352.5
1286.4 350.5
1285.7 352
1290.8 349
1285.1 346
1288.9 342
1286.5 342
1292.5 338.75
1309.7 336
1313.1 333.5
1308.1 329.5
1316.2 342.25
1324.5 340
1339.2 344.25
1333.9 347
1345.1 341.75
1346 344.25
1331 345.5
1328 340
1323.4 338.5
1324.7 341.75
1320.4 354.75
1306.3 351.5
1306.2 348.25
1312 350
1290.6 350.25
1293.3 353.5
1306.8 353.75
1297 352.25
1283.4 354
1285.5 352.5
1281.5 355.25
1272.7 351.5
1271.5 349.5
1273.7 348.25
1269.9 349.5
1271.6 350
1281.8 349.5
1290.6 349.25
1285.8 346
1293.3 349
1301.5 352.75
1299.9 350.5
1283 350
1279.9 348.5
1286.9 349
1277.4 344.5
1277.7 351.25
1275 352.75
1275.4 351
1266.3 350.5
1268.5 348.75
1274.1 348.75
1267 345.75
1274.1 348.25
1274.9 350.5
1266.5 348.25
1279.4 348
1273.7 347.75
1281.6 348.25
1285.6 341.5
1272.4 343.5
1277.3 342.25
1281.5 337.5
1276.5 338.25
1277.4 336.5
1295.8 343
1274.6 345
1281.1 345
1291.6 345.25
1286.7 342.25
1293.8 338.75
1294.7 336.25
1282.1 339
1273.2 341.75
1278.8 344.75
1274.3 339.5
1261.6 339.75
1262.8 339.25
1249.8 338.75
1245.2 340
1243.7 336.5
1238.5 335.75
1245.4 336.75
1253.8 336.25
1254.3 347.5
1262.2 347
1260.7 347.5
1266.1 349.25
1267.3 351.25
1275.4 352
1284.1 352.75
1287 353.75
1294.1 352
1306.3 350.75
1313.7 353.25
1316.2 353
1319.4 351
1320.3 351.25
1318.6 347.25
1311.7 349
1317.4 349
1320.6 348.75
1333.4 346.25
1335.4 348.25
1338 353
1326 351.5
1331.9 352.5
1330.9 352
1335.7 351.25
1355.9 356.5
1362.4 355.25
1351.6 356.5
1335.4 361.5
1339 361.5
1344.3 361.75
1333.7 361.5
1333 358.75
1326.1 363.5
1311.6 365.25
1316.9 365.75
1313.1 362
1324.2 367
1328.1 366.75
1355.5 367.25
1352.1 367.75
1353.2 367.5
1328.8 365.5
1330 365.75
1330.6 366.75
1328.2 366.25
1330.7 368.5
1315.5 370.5
1315.5 374.5
1302.9 378.75
1321.1 377.25
1318.1 378.25
1333.6 379.75
1326 379.25
1319.9 385.75
1322.4 383
1319.4 384.25
1325.9 385.5
1324.4 383.5
1316.8 386.75
1311.3 382.75
1316.8 375
1311.1 374.5
1320.7 375
1326.6 376
1349.3 377.25
1354.4 374
1341.3 374
1324.2 373.5
1322.8 387.75
1342.1 387.25
1332.8 388.5
1335.8 381
1324.3 389.5
1331.9 388.5
1336.3 390.75
1342 389.25
1356.5 387
1338.4 388.75
1344.8 386.25
1347.5 382.5
1347.2 380.25
1351.2 383
1346.8 382
1336.7 376.5
1322.5 378.5
1331.4 381.25
1321.2 386.5
1316.3 386
1320.3 389.5
1316.2 392.5
1303.8 396.75
1302.6 396
1310.7 399.5
1312.7 398.75
1312.2 393.25
1312 395.5
1311.3 394.75
1320.8 394.75
1319 389.75
1316.5 389
1288.9 402.25
1290.2 399.25
1288.2 395.25
1290.2 402.5
1290.2 402.75
1291.7 404.75
1289.3 408.5
1303.7 404.25
1303.3 406
1298.7 400
1301.5 393.5
1300.1 394
1294.8 391.5
1293.1 380.75
1297.5 383.75
1297.1 378.25
1298.7 376.25
1298.1 377.75
1298.9 367.25
1295.1 377.5
1296.9 376
1304 363
1274.6 361.25
1276.2 356
1275.6 353.75
1271.2 354.25
1267.2 357
1267.4 357.25
1265.6 350.5
1256.6 352.5
1252.8 352.5
1247.8 345
1251.3 350.25
1239.8 337.5
1251.6 342.75
1257.3 343.5
1254.3 351.75
1258.1 345.75
1253.8 339.75
1242.8 331.25
1245 336.5
1239.6 330.25
1238.1 341.75
1225.7 346.25
1226.3 347.25
1222.4 351.25
1229.5 355.25
1224 357.25
1223.9 352
1231.4 359.25
1225.3 361.5
1222.6 362
1221.3 367.25
1223.7 372.25
1217.9 365
1210.6 366.75
1214.2 369.75
1208.6 371
1209.6 370.75
1212.6 371.25
1211.9 369.25
1211.1 357.75
1191.3 356.5
1193 362.25
1177.5 361.5
1176.2 365.25
1176.5 364.25
1186.8 362
1192.6 359.75
1196.3 352.5
1187 346.75
1206.3 348.5
1209 346.75
1207.4 341
1204.5 341.25
1197.7 341
1200.3 351
1192.7 354.5
1194.9 351.75
1197.9 353.5
1193.6 354.25
1193 355.5
1195.4 355.25
1204.7 341.5
1202 336.25
1195 337
1199.7 348
1196.8 343.25
1202.2 345.75
1206.2 352.5
1196.2 357.25
1199.3 360.5
1200 363.75
1194 363
1182.3 364.75
1191.5 356.25
1187.1 365.75
1202.4 367.5
1198.3 364.75
1197.2 367.5
1201.2 368.25
1184.4 366.5
1187.2 364.5
1189.3 362.75
1223.5 369.25
1218.1 373.75
1226.4 378.25
1227.3 375.25
1223.7 374.25
1226.5 370.75
1225.3 367
1221.2 369.5
1233.4 370.25
1227.8 368.25
1229.1 361
1232.5 367.75
1224.5 366.75
1222.6 364.75
1212.3 363.25
1236 366.75
1230.9 371.25
1229.8 374
1223.8 373.25
1226.2 372.25
1222.9 373.5
1206.4 369.75
1201.3 371.25
1199.2 366.5
1207.9 367
1212.8 367.5
1220.8 364.75
1223.1 362.25
1219 361.25
1225.8 361.75
1221 359
1220.2 356
1211.2 356.5
1221.4 360.5
1224.1 360.25
1220.2 366.5
1233.9 371.25
1241.1 374.25
1238.1 372
1246.8 374
1243.7 374.25
1241.9 375
1244.4 376.25
1242.7 375.5
1237 376.75
1252.1 381.75
1263.6 375.25
1253.8 378.5
1267.5 377.75
1269.2 373.25
1277.3 374.5
1279.9 375.5
1278.3 375
1281 375.75
1291.8 379.75
1282.7 383
1286.8 382.25
1283.2 380
1289.3 382
1284.7 376.25
1287.1 378.25
1289.1 378.5
1286.2 371.25
1291.6 374
1291 380
1281.3 381.75
1282.5 379
1283.1 378.75
1279.1 377
1297.4 380.25
1302.4 379.75
1308.2 377.25
1309.9 381.25
1319.7 376.5
1316.9 378.25
1314.3 379.25
1314.2 380.75
1309.5 380
1309.4 376.5
1313.7 374.25
1307 372.75
1309.2 378.25
1310.8 378.75
1309.8 374.75
1318.1 374.75
1340.1 369.75
1343.3 370.75
1323.5 375.5
1329.2 375.25
1325.9 370.5
1325.1 366.25
1317.7 363.75
1312.8 362
1296.4 364
1284.8 365
1282 366
1284.9 362.5
1283.8 356
1297 354.75
1288.8 352.5
1296.3 356.5
1307.5 357.25
1293.4 361.5
1301.8 373.25
1300.3 371.5
1305 371.25
1300.5 371.5
1306.1 376.25
1311.6 378.25
1321.9 379.75
1314.3 377.25
1309.9 373.75
1289.8 374
1293 356.5
1288.4 361.75
1290 361.5
1289.9 362.75
1289 365.25
1290.4 362.5
1297.1 360
1303.5 360
1309.1 361.75
1288.6 360
1290.6 361
1286.8 362.75
1272.6 359
1272.2 358.25
1271.9 358.5
1273.5 354.75
1269.3 351.25
1275.5 346.75
1275.8 347.5
1284.9 351.25
1278.6 352
1282.8 353.25
1281.4 360
1269.7 362
1279.2 363
1281.7 355.75
1283.5 358
1279.4 355.25
1283.5 344.5
1285.7 342.5
1300.1 347.5
1294.7 360.5
1296.3 369.5
1285 379
1274.5 383.25
1276.1 389
1272 394.25
1273.6 394.5
1284.8 389.75
1283 404.25
1276.5 420.25
1280.6 418.75
1287.1 436.25
1305.8 427
1322.7 424.25
1323.4 425.25
1328.3 414.75
1337.6 420.5
1341.2 415.75
1324.7 415.75
1326.4 427.75
1331.9 430
1339.2 442
1340.1 453
1338.7 454.75
1346.6 449.75
1344.6 441
1392.9 450
1396.2 442.25
1414.3 446.75
1414.9 447.5
1411.6 443.25
1408.4 440
1409.7 420.25
1385.6 412
1404.6 413.5
1417.7 433
1396.7 434
1397 438.5
1397.5 431.75
1410.1 434.25
1404.3 447.75
1409.9 449.5
1411.4 441
1409.2 435.25
1421.3 436
1426.1 424.5
1425.1 430.75
1425.3 422.25
1420.1 425.5
1422.8 424
1413.9 418.5
1418.5 414.5
1419.6 417
1429.7 411.25
1426.1 400.25
1420.9 392.75
1445.6 399.5
1464.6 405.25
1472.4 404
1507.3 406.5
1497.7 411
1496.6 410.25
1505.3 385.25
1502.2 366
1515.9 359
1519.6 360.75
1512.5 371
1500.4 365
1504.6 359.5
1504.6 362.5
1497.3 363.25
1526.6 359.75
1526.3 358.5
1541 357
1537.8 362.75
1526.5 359.75
1519.1 358
1545.9 349.75
1550.3 346
1515.4 346.5
1506.2 342.5
1502.2 340.75
1490.3 348.5
1494.4 348.25
1498.7 354.5
1490.9 355.5
1503.1 374
1505.1 368
1507.5 371.25
1498.4 372.75
1507.3 370.75
1523.7 373.25
1532.1 374.75
1504.6 374.25
1507.5 372.5
1499.1 371.5
1465.7 388
1482 392.5
1501 387.75
1507.1 388.75
1506.2 384.75
1497.7 387
1497.2 395.75
1506.1 394.25
1494.8 380.25
1482.7 397.75
1491.7 397.75
1477.6 393.25
1488 391.75
1492.3 394.75
1488.2 391
1482.4 387.25
1481.7 388
1489.9 387.75
1498.9 386.75
1499.5 386.75
1490 384
1487 386.25
1493.2 390.75
1511.4 390
1508 389.25
1508 383.25
1480.8 381.75
1490.2 378.75
1464.2 375.25
1461.3 377.25
1455.5 373.25
1452.1 377.75
1461.7 375.25
1471.8 375.75
1467.3 371.25
1470.9 367.75
1473.3 370
1473.3 366.75
1463.1 368.5
1463.1 368.75
1456.6 370.5
1459.8 367.5
1453.4 362.75
1465.6 371.25
1462.3 373.5
1478.2 372
1474 368.75
1476.9 365.5
1459.1 366.5
1459.3 365.75
1462.6 363.25
1469.4 357.75
1466.7 367
1475.6 366.25
1475 388
1474.6 390
1472.6 387
1478.2 386.5
1474.7 387.75
1482.5 388.75
1499.1 387.5
1509.3 388.5
1513.8 390
1514.5 388.25
1519.5 387.75
1524.5 391.5
1549.2 386.5
1566.2 384.75
1571.8 384.5
1557.4 384.25
1551.7 383.25
1557.5 385.75
1548.4 389.5
1542.4 389
1552.1 387.5
1549 375.5
1558.8 389.25
1556.4 387.5
1555.3 388.75
1564.6 393.75
1571.1 387.25
1576.8 380.5
1569.2 386.5
1569.8 384.25
1583.5 379.5
1582.9 381.25
1577.2 378.75
1550.4 382.25
1557.8 380.75
1565.1 379.25
1568.6 383.5
1574.7 381.75
1565.6 379.75
1567.4 383
1575.1 379.5
1582.7 377.75
1600 383
1607.5 380.5
1616.6 378.5
1644.6 377
1672.4 372.25
1646.9 372.5
1640 370.5
1640 364.5
1564.1 366.5
1592.3 374.75
1642.1 381.75
1641.1 387
1666.4 384.5
1670.8 377.25
1674.5 374.25
1659.1 380
1641.4 379.25
1589.3 369.75
1515.7 370.75
1485.9 354.75
1524.9 344
1477.3 335.25
1478.6 345.5
1484 343.75
1567 343.5
1660.2 347.25
1632.3 348.5
1650.1 348.75
1623.9 346
1622 341.25
1583.4 340.75
1578.2 334.75
1625.7 333.5
1633.7 330.75
1677 327.75
1664.8 331.5
1665.4 330
1736.2 331.75
1744.8 331.5
1756.7 326
1727.2 319.25
1720.4 319.75
1689.2 322.25
1701.6 314.25
1678.2 309.25
1728.7 317.5
1733.3 319.25
1723.5 315.75
1711.9 305.5
1710.5 302.75
1703.4 304.5
1684.2 311.5
1694.5 311.5
1706.9 310.75
1704.4 313
1684.2 311.75
1721.8 316
1709.9 319
1695.3 318.5
1704.4 323.75
1713.9 320.25
1738.1 320.25
1753.4 319.25
1731.8 320.75
1744.2 321.25
1750.6 319.5
1720.5 317.75
1734.6 318
1704.8 319
1710.3 320.5
1713.3 327.5
1736.9 325.75
1737.8 323.25
1725.2 324.25
1697.8 324
1718.9 329
1676.2 331.25
1698.3 333.75
1714.7 327.5
1713.3 326.25
1732 329.75
1729.3 330
1720.3 329.25
1729.6 329
1729.2 330.25
1724.8 331
1745.9 332.5
1756.7 328.25
1772.1 325
1765.8 324.25
1762.1 317.25
1772.5 317
1774.8 326.25
1793 338.5
1773.2 348.25
1784 342.5
1788.5 346.5
1804.2 345
1815.5 348.25
1799.2 351.25
1798.2 340.5
1811 334
1810.6 334.75
1811.4 326.25
1798.7 330.25
1808.3 333
1815.9 328.25
1842.4 322.75
1864.1 327.5
1889.1 328
1897.3 326.25
1931 325
1944.7 320
1953.5 315.5
1942.3 315.75
1962.8 316
1966 317.5
2001.2 308.25
2031.1 311
2051.5 311.25
2010.1 307.75
2024.4 310.5
1932.6 311.5
1934.9 314.5
1956.7 325.25
1937 324.5
1985 331
1999.4 327
1958.7 325
1933.8 324.5
1934.6 327
1927.7 331.75
1911.8 340.75
1940.7 340.5
1921.6 344.25
1964.6 346
1967.6 348.5
1968.2 349.5
1934.4 349.75
1927.6 344.5
1923.9 347.25
1933 351
1944.7 350
1954.2 357.25
1937.8 365
1953.1 357.5
1956.3 366
1960.2 371.75
1940 375.25
1952.1 378.5
1901.2 369.75
1898.6 369.25
1859.9 368.5
1868.3 363.5
1857.7 365.25
1872.8 366.75
1894.3 364.75
1887.5 379
1908.4 382.75
1900.2 379.75
1912.5 379.5
1901.1 385
1883.6 388.75
1888.6 387
1919.5 395
1922.5 389
1888.5 391.25
1901.3 396.5
1903.2 403.75
1900.8 402
1906.4 405.25
1910.4 408.75
1924.6 413.75
1901.1 416.25
1902 419.25
1902.7 417.75
1908.8 416
1876.2 401.5
1865.6 398.5
1877.4 398.5
1890.4 397.5
1908.5 401
1894.6 405.25
1945.3 409.25
1950.3 406.75
1853.2 407.5
1875.4 423
1860.7 417.25
1872.6 408.25
1885.7 410.5
1887.3 416.25
1884.5 420.25
1873.5 425.75
1861.1 422.5
1872.6 423.25
1837.8 426.5
1804.8 425.75
1805.7 420
1781.9 425.5
1775.7 419.75
1814.1 414.75
1825.7 419
1836.8 422.5
1835.9 417
1861.8 419.5
1870.8 417
1834.6 422
1833.6 420.25
1839.8 424.25
1828.7 419.25
1852.3 424.75
1856.1 427.25
1887.2 432.5
1885.7 437.5
1879.2 440
1866.6 443.5
1874.7 447.25
1879.9 451
1877.2 456.5
1879.7 466
1891 474.5
1893.1 484
1944.7 483.75
1952.7 491.75
1906.9 495
1912.3 494
1834.1 496.25
1849.6 492.25
1842.9 517.25
1853.6 524.5
1850.3 534.25
1829.3 531.5
1839.5 526
1865.9 522
1865.3 524.25
1855.7 500.5
1854.9 511.5
1850.7 532.25
1844.9 534
1837.9 534.5
1847.3 547
1860.8 549.25
1830.5 543
1832.2 552
1788.9 550
1810.9 548.5
1831.9 563.75
1835.3 556.25
1840.6 534.5
1824.9 541
1821.6 538.75
1797.2 552.25
1771.1 553
1773.4 550.25
1775.8 542.75
1806.7 551
1804.4 553.75
1796.4 559.25
1774.4 554.75
1728.1 555.5
1722.5 547.5
1733.1 560.75
1715.3 550.25
1700.2 546.25
1698 562
1677.7 565
1716.6 562
1721.5 547.75
1722.3 555
1719.5 549.25
1728.9 549.5
1730.6 554.25
1726.8 558
1732.2 546.5
1741.4 557.75
1737.8 549
1724.7 551.25
1732.9 553.25
1724.9 546.5
1732.2 552.5
1712.1 546.75
1683.9 539.25
1713.8 564.25
1726.5 559.75
1727 553.25
1741.5 554.25
1740.1 560.5
1756.8 579.75
1743.3 577.25
1731.2 569
1746.2 580
1734.9 594
1765.4 590
1779 585.5
1769.4 592
1777.3 606.5
1792.3 625.5
1781.2 650.5
1777 655.5
1779.2 680.5
1778 695.5
1773.2 686.25
1768.1 702
1767.3 740
1791.4 732.25
1775.8 744.75
1784.1 753.25
1815.5 759.5
1831.1 772.75
1837.5 748
1835.9 759.5
1822.6 757.5
1823.8 719
1837.9 685
1867.5 652.5
1867.8 658.25
1881.3 658.25
1881.8 664.5
1876.7 659.5
1884.6 657.25
1898.1 620.25
1901.3 624.5
1895.7 664.5
1902.5 656.75
1902.9 688.75
1907.5 675
1871.2 662
1889.8 682.75
1896.8 679.25
1892.2 680
1893.2 690.75
1894.2 699
1877.4 684.5
1864 659.25
1854.5 667.5
1859.5 673
1773.8 633
1767.9 655.25
1781.8 659.25
1776.3 659.75
1782.3 664.25
1775.6 653.25
1776.6 636.5
1779.6 675.5
1762.8 694.5
1770.8 720
1775.9 719.75
1782.6 697.25
1793.5 656
1801.5 652.5
1799.6 638
1810 629.75
1805.5 669.25
1809.4 677
1824.3 683
1828.4 564.25
1814.5 556
1808.7 556
1810.9 571.75
1802.9 571.75
1805 564.5
1801.4 547.25
1798.7 549.75
1799.5 548.75
1799.5 549.25
1831.2 558
1812.6 547
1818.1 558.75
1810.1 550.5
1810.5 545.75
1805.1 555.75
1760 555
1723.4 550.25
1728.8 549.25
1750.4 556.25
1749 567
1775.2 568.25
1786.9 564.75
1785 558.25
1781.6 561.75
1780.2 550
1781 538.75
1803.2 538
1805.6 544.5
1788.2 551.25
1792.2 552.75
1816.6 558
1809 540.25
1815 534
1813.1 515.5
1808.7 516.25
1830.9 508
1795.9 495.75
1790.7 498.25
1797.4 496
1789.6 502.75
1792 496.75
1804.7 503
1792.4 533.5
1754.6 529.5
1749.4 527.25
1761.8 521.75
1776 517
1776.7 525.5
1747.7 529.25
1749.7 526.75
1750 539.5
1735.8 532.5
1721.5 539
1755.3 536.75
1757 541.5
1766.2 540.75
1759.6 537.5
1760.5 532.25
1757.9 534
1756.3 530.5
1754.6 533
1758.3 522.5
1793.7 512.25
1796.7 516.75
1767.2 525.75
1764.8 532.75
1769.7 530.25
1784.1 539.25
1781.2 532.25
1795.5 538
1806 538
1792.7 543.5
1797.9 557.25
1801.6 562.75
1783 568.25
1795.1 579
1788.7 573
1763.6 564
1793 559.25
1816.4 553
1827.4 551.5
1830.2 554.75
1847.6 569.25
1863.2 569.5
1867.9 577.25
1866.1 576.5
1853.6 571
1869.7 575.25
1861 573
1851.2 570.75
1806 576.75
1783.5 580.5
1784.1 579.75
1785.3 586.75
1782.3 581
1773.6 567
1781.6 572
1760.7 577
1782 586
1777.5 583.5
1782.6 586.25
1783.4 584.75
1774.6 588.5
1782.9 588.5
1786.3 584.25
1770.4 588.75
1762.6 585.75
1796.6 591.25
1803.8 593.25
1793.7 591
1787.9 598.25
1801.6 602.5
1811.2 605.75
1808.1 614.75
1810.2 604.75
1805.1 605.5
1812.7 596
1827.5 593.25
1799.4 589.25
1814 609.5
1824.6 602.25
1788.7 603.75
1797 606.75
1798.4 599.75
1818.6 601
1827.2 599
1821.2 587.5
1816.5 596.25
1812.3 599.5
1843.1 610.5
1842.5 611
1831.8 616.25
1841.7 621
1852.7 620
1829.9 627
1793.3 625.25
1784.9 636
1795 626
1800.3 634.75
1809.2 622.5
1803 616.75
1806.6 620.5
1820.6 635.25
1826.6 632.25
1835.2 646.75
1836.2 641.75
1840.8 651
1868 655.75
1854.8 638
1870.2 647
1900.7 650
1898.6 654.25
1906.1 674.75
1909.2 683.75
1925.1 695
1886.5 659.5
1899.4 697.5
1942.4 739.75
1920.9 739
1934.4 751.25
1965.1 756.5
1993.9 749.25
2040.1 754.5
1985.9 735
1998.1 757.75
1982.7 764.5
1959.6 728.25
1928.5 758
1908 730
1942.1 754.5
1928.2 741.75
1928.6 756.25
1920.7 753
1936.6 757.75
1961.6 748.25
1953.8 754
1939.6 748.5
1912 726.25
1933.5 738
1949.2 748.75
1919.1 735
1929.2 750.5
1922.9 759.75
1918.4 756.5
1933.8 757.75
1941.6 768.75
1944.3 764.5
1972.1 776.25
1981 783.5
1970.9 790.25
1982.9 813.25
1955.7 804
1952.3 815.75
1944.9 799.25
1931 793
1893.2 800.25
1901.4 803.25
1885.9 815.5
1888.7 816
1909.3 818.25
1861.8 813
1868.8 800.75
1867 798.5
1874 803.75
1881.2 792.25
1857.1 784.5
1839.9 786.5
1852.6 802.25
1823.8 813.5
1807.4 794.5
1813.5 809.5
1818.2 800.75
1815.9 781.5
1841.2 783.25
1841.8 778.75
1847.8 786.25
1865.1 771.75
1846.2 772.25
1847.4 765
1851.3 777.25
1842.7 753.5
1843.3 731.25
1866.5 730.25
1845.4 727
1839.2 742.5
1847.5 757
1851.9 764.5
1848.8 773
1871.5 773.25
1828 769.25
1809.5 768.25
1815.3 774
1845.7 788.25
1835.6 784.5
1834.6 760.75
1834.3 768
1825.7 746.75
1826.5 750.25
1820.9 744.25
1817.5 759.5
1813.7 770.25
1804.1 743.75
1798.9 754.5
1761.8 736
1734.9 744.25
1737.9 747
1740.6 778.25
1730 781.25
1723.3 732.75
1734.2 740
1704.5 695
1702.4 604.25
1709.2 612.25
1710 596.75
1699.5 592.25
1712.7 575.75
1727.1 564.25
1719 580
1717.7 597
1719.1 600.25
1750.3 615
1762.9 616.25
1769 607
1771.1 591.25
1758 591.5
1788.5 602.25
1772.9 610.25
1786.8 608.5
1794 615.5
1795.6 621.25
1789.7 629.25
1798.6 639.75
1781.4 626.75
1773.2 611
1760.3 615
1755.3 619.75
1747.6 626
1734 633.5
1746.8 660
1747.8 665.75
1757.7 657.5
1736.1 668.75
1736.6 683.75
1723.2 679.75
1712.8 673.75
1696.6 658.25
1709.8 669
1700.4 680.75
1715.3 676.75
1708 674.5
1716.2 698.5
1728.1 712.25
1705 709
1696.5 709
1665.4 677.5
1671.7 677.25
1666.2 678.25
1659.7 692
1664.6 685.5
1670.8 688.25
1645.3 676.75
1623.3 666.25
1626.7 667.5
1660.4 670.5
1658.5 669.5
1662.4 677.5
1692.9 680.75
1721.1 683
1711.4 684
1711.7 675.5
1700.5 683.25
1667.3 698.25
1678.7 693
1670.3 693
1670 697.75
1641.7 689.75
1657 683.5
1649 681
1627.5 678.25
1630.8 684
1651 684.25
1648.7 681.5
1652.8 686.25
1664 685
1660.7 682.25
1639.6 680.75
1635.9 691.5
1645 697.75
1645.7 687.5
1627.3 679.25
1672.5 681
1676.5 675.75
1712.1 667.5
1710.1 664.5
1750.3 653.25
1766 658
1773.6 657.25
1773.8 666.75
1773 665.25
1760.8 667.5
1751.9 667.75
1737.4 659.5
1738.3 656.75
1744.9 663.25
1753.3 668
1740.1 668.75
1748.4 665.75
1746 662
1801.1 650
1795.9 635
1767.4 628.75
1769.3 625.5
1785.5 627.75
1788.7 632
1798.1 634.75
1780.5 641.25
1813.9 643.75
1807.5 639
1777.2 653.5
1790 653
1787.7 647.25
1815.9 652
1815.9 662.25
1787 660.5
1795.9 666.25
1814.8 674.75
1807.9 682.75
1819.5 679.5
1819.7 678.5
1839.7 670.5
1852.8 653.75
1834.8 652.75
1864.2 654
1872.7 652.75
1871.6 655
1874.6 656
1895.5 671
1918.4 675
1907.2 685.25
1904.4 681.25
1922.1 677.25
1926.4 676.25
1927.1 666.25
1933.9 677
1941.2 674.75
1929.1 682.5
1928.6 683
1922.9 683.75
1929.5 679.75
1927.8 681
1916.3 675.25
1862.9 677.5
1866.2 679
1871.7 674
1877.4 678.5
1866.2 670.75
1862.8 680.5
1851.9 685
1854 682.25
1834.2 676.25
1842 676
1840.4 677.75
1833 680.5
1832 674
1818 660.25
1808.8 650
1817 642.75
1828.9 629.5
1837.7 640.5
1833.5 637.75
1847.7 645.25
1847.9 644.5
1813.9 642
1812.7 634.5
1829.3 618.5
1862 624.25
1911.7 624.5
1906.2 627.5
1926.6 626.5
1919 632.75
1969.8 634.25
1979.2 633
1938 630
1946.8 633.5
1993.8 631.75
1982.1 643
1952.4 648.25
1972.4 647.25
1966.1 650.5
1980.3 649.5
1969 660.5
1983.9 657.75
2022.2 653.75
2020.9 652.75
2011.9 643.5
1989.1 654
2004.8 651
2010.9 656
2041.3 652.25
2002.2 666.25
1994.2 676.5
2007.4 677.5
1995.2 672.25
2007.6 663.75
1979.5 663.25
1989.1 651.25
1994 646.5
1985.7 641.5
1989.9 627
1990.1 636
1983.4 639.5
2014.3 638
2028.6 645.25
2048 646.5
2017.4 653.25
2026.3 656.5
2036.2 642.25
2030.5 645.5
2014.7 632.5
2014.5 633.25
2018 592.5
1988.4 581.25
1980.7 561.5
1956.5 555.25
1978.7 554.5
1974.8 571
1972.4 577.5
1962.8 587.25
1943.1 590.75
1944.1 604
1958 594
1963.9 594
1978 592.5
1952.4 609
1958 597.5
1965.5 608
1942.7 604.25
1963.6 610.25
1962.2 604.25
1955.3 617.25
1944.6 612.5
1955.3 607.75
1957.8 623.25
1958.4 640.25
1935.5 643.75
1933.3 671
1912.7 660.5
1919.1 630.75
1923.7 637.25
1914 623
1912.3 590
1909.2 581
1921.1 554.5
1921.7 557.25
1919.6 548.25
1908.7 566.75
1926.2 560.5
1925 570.75
1931.3 571.75
1956.2 549.75
1959.2 593.5
1960.1 599.75
1952.4 499.25
1977.2 528.75
1977.5 545.5
1968.3 537.25
1964.3 527
1960.3 560.5
1962.1 557.5
1968.9 540.25
1945.4 533.25
1960.4 521
1970.5 504
1940.7 497
1937.4 488.25
1932 480.75
1939.6 484.25
1933.5 482.25
1924.1 485.75
1915.4 481
1914.4 483.25
1912.9 474.5
1910.6 475.75
1902.5 464
1896.1 469.5
1884.1 473
1886.1 479.5
1893.3 469.25
1896.4 466.5
1918.5 476.25
1918.2 472.25
1911.1 470.75
1917.9 478.5
1936.5 469.5
1944.3 461.75
1938.2 461
1939.8 464.75
1926.2 471
1918.1 471.5
1917.5 470.75
1918.4 468.5
1923.3 471.25
1911.3 463.25
1909.1 464
1910 462.5
1923.7 476.25
1931.5 471.5
1932 476.25
1945.6 482.25
1919.2 475.25
1925.4 477.25
1916.6 481.25
1900.4 479.75
1871.6 483.25
1860.4 488.5
1848.1 476.75
1830 488.75
1824.6 487.5
1818.5 486
1816.6 497.5
1830.2 492
1849.5 488.25
1861 485.5
1872.8 488
1869.3 496
1927.4 493.25
1921.1 490
1922.7 489
1955.3 492
1968.4 505
1982.5 495.5
1976.3 490.25
1975 484
1984.1 480
1987.2 479.25
1988.6 480.75
1996.2 478.25
1985.2 478.75
1978.8 475
1985.6 470
1991.5 477.25
1981.6 477.25
1966.8 468.5
1951.5 476
1964.2 468
1932.6 464
1945.5 477.25
1961.8 478.25
1960.1 470.75
1983.9 474.75
1981.6 467
1977.7 469.5
1999.3 470
1991.4 468.75
2002.2 463.25
2011.8 455.5
2039.7 451.5
2047.1 449.75
2038.1 461.75
2071 464.5
2024.1 460.25
2018.5 468.5
2030.5 464.75
2029.9 468.25
1998.3 465.75
1978 460.5
1977.8 462.5
1982.3 456.75
2030.2 456.75
2021.1 483
2026.3 477
2038.4 472.75
2034.5 469.75
2039.1 472.5
2057.1 473
2058.2 480.25
2081.9 476.5
2073.9 474.25
2062.4 471.25
2064.4 463.75
2034.2 465.25
2042.3 466.5
2042.4 460.75
2026.6 455
2026.4 459.25
2021.7 459.5
2014.3 457.75
2046.7 447
2026 443.5
2002.6 442.25
2018.6 444
2026.5 445.5
2019.8 445.75
2023.7 446.5
2013.9 452.25
2016.9 451.75
2016.8 446.25
2025.2 440.25
2031.5 447.75
2048.4 448.25
2053 447.25
2036.1 442.75
2025.7 442.75
2034.5 438.75
2035.2 434.25
2032.2 433.25
2023.3 429
2018.2 430.5
1992.9 430.75
1990.3 424.25
2002.1 417.75
2011.5 416.5
2027.5 418.75
2022.3 411
2019.7 406
2038.6 399.75
2028.5 407
2034 408.25
2033 413.25
2045.7 415.75
2086.9 412.25
2117.7 417.5
2133.5 413.5
2150.3 418
2158 426
2178.6 426.25
2182.5 428.25
2160.4 429
2175.4 426.5
2163 422.5
2157.3 436.75
2160.7 436
2156.3 439.5
2157.9 439
2182.4 440.75
2158.1 439.25
2174.8 437.75
2175.6 432.5
2190.6 426.75
2217.4 442
2236.5 435.5
2261 426.5
2294.4 431.75
2288.8 435.25
2325.7 434.25
2331.7 435.5
2343.5 431.25
2329.6 434.25
2354.8 428.75
2356.2 435.5
2365.8 431.5
2390.8 431
2371.7 430.25
2382.3 426.75
2398.4 433.5
2332.2 439.75
2327.7 443
2324.5 437.75
2329.8 441
2334.8 440
2345.4 439.25
2291.4 439.5
2299.9 443.25
2299.2 452
2299 447
2321.6 457
2315.2 453.75
2313.6 445.5
2332.1 442.75
2367.3 455.75
2336.1 458.5
2353.4 453.75
2388.7 462.5
2380 457
2412.2 452.5
2433.9 460.5
2421.7 458
2389.2 461.25
2335 464
2332.5 464.75
2355.2 462.5
2340.3 455.25
2342.9 448.75
2322.9 446.25
2346.6 443.5
2325.5 442.5
2354.1 439.25
2370.3 452
2305.2 448.75
2307.7 451.75
2307.5 449.5
2336 454.25
2300.2 458.5
2331.4 450
2312.4 443.75
2330.4 450
2353.8 439.75
2316.4 435
2330 433.5
2316.6 425.5
2299.2 420
2324.5 413.75
2327.7 397.25
2327.6 398.25
2323 402
2359.8 403.5
2388.5 411.25
2355.2 395.75
2360.1 400.25
2372.2 403.25
2415 406.75
2414 400
2422.9 390.5
2462.4 395.75
2454.8 398
2451.8 391.25
2395.5 390.5
2392 400.25
2404.6 402.5
2413.3 403.75
2351.9 406
2380 394.5
2377.3 396.25
2405 388.75
2426.5 382.75
2435 382
2425.7 386.5
2401.7 390.75
2389.1 388.75
2390.5 383.25
2422.2 379.25
2432.1 376.75
2462.4 383.25
2466.7 377.75
2439.4 381
2453.1 375
2498.6 370.5
2501.8 378
2511.3 375
2508.4 375.5
2478.9 371.5
2508.4 367.75
2517.7 362
2516 367.25
2501 365.25
2525.7 371.75
2493.8 378
2489.9 386.5
2493.4 390.5
2511.4 390
2493.5 383.75
2501.8 384.25
2512.3 379.5
2512.1 380.5
2551.2 386.25
2581.3 390.75
2580.4 410.75
2564.3 412.5
2570.7 412.75
2588 405.75
2619.9 401.75
2626.5 413.5
2651.2 411.75
2659.2 415.25
2669.9 413.25
2644.3 418
2636.1 424.75
2667.3 429
2647.1 432.5
2657.1 428.25
2645.8 424.75
2644.8 426
2615 420.75
2606 421
2620.6 418.5
2657.6 415.75
2647.8 408.25
2661.4 401.25
2674 404.75
2691 406.75
2713.7 404.75
2723.1 409.5
2744.2 416.5
2714.4 419
2734.9 421.5
2740.9 415.25
2742.9 410.75
2768.4 413.75
2788.5 411.5
2738.3 410.75
2738.6 414.5
2736.1 416.5
2740.3 418.5
2667.6 426.25
2698.4 427.5
2687.5 431
2611.2 430
2600 428.5
2580.8 426.5
2568.2 419
2565.7 424
2610.6 429.25
2627.1 427.25
2648.2 430.25
2672.1 426.75
2709.9 425.5
2616.8 424.75
2620.3 420
2639.9 415.75
2657 423
2634.9 424.5
2644.7 423.25
2653.8 422
2626.6 426.5
2638.6 430.75
2664.9 434
2697.6 440.5
2733.8 438
2687.5 431.75
2656 430
2651.4 445
2644.4 443.5
2636.5 437.25
2592.2 440.75
2628.7 446.25
2612.3 447.75
2620 448.5
2638.8 453.75
2617.2 454
2606.1 452.25
2629.2 458.5
2658.9 459.5
2645 450.75
2638.4 457.75
2656.7 458
2664.5 454
2683.8 456
2708.5 470.5
2673.5 476.5
2677.5 474.5
2712.5 478.75
2746.4 474.5
2744.3 484.25
2755 490
2767.6 484.25
2763.1 489.75
2777.3 486.5
2737.5 482
2766.8 485.25
2769.1 497
2823 490.25
2812.5 482
2833.9 488.75
2853.3 494.5
2871.6 493.25
2856 495.25
2867.3 487.5
2914.3 491.5
2912.5 484
2909 490.25
2925.9 493.5
2883.6 496.25
2931.6 502
2919.4 497.5
2940 498
2937.6 491.25
2947.9 482.5
2904.5 479.75
2916.8 478.25
2883.2 464.75
2836.8 453.5
2890.2 440.25
2909.6 436
2915.3 440.25
2916.6 449.5
2904.7 455.25
2891 458.75
2912.9 456.5
2939.1 448.75
2984.3 453.5
2994.5 445.5
3000 461
3035.1 458.75
3035.9 462
3040 469
3018.2 464.25
3013.1 464.5
3023.7 457.75
3020.9 451.25
3060.2 450
3086.5 453.25
3122.8 457.25
3163.8 467.75
