271.4 484
271.9 484.25
269 483.25
270.3 486.5
271.8 491
274.1 496.5
273.9 496.5
278.4 492.5
275.6 497
273.6 499
273.1 488.5
271.6 488.5
270.3 489
270.6 485.75
269.3 486
270.1 484.5
272.4 483
270.5 485
276.4 478
272.4 473.25
271.5 465
271.1 467.75
270.3 468
270.1 468
270.1 468.5
266.2 467.25
264.9 467
264.4 461
264.3 457.75
264.4 468.25
264.5 475
264.3 473.5
265 475.5
265.8 474
264.3 462.5
264.9 472
265.1 478.5
265.8 481
265.7 479
266.3 490.75
265.7 491.25
266.3 491
270.1 507.5
269.8 497
266.4 505.5
270.1 502
268.7 506.75
270.7 505.25
269.7 513
273.7 507.25
275.2 501.75
271.7 499
272 499
268.4 500
263.3 481
263.2 477
264.2 473.5
264.3 476
266.4 469.5
266.1 477.5
264.3 468
264.5 469
262.8 467
262.8 459.75
265.5 461.25
265.6 459.75
268.5 458.25
267.1 463
265.2 468
263.3 461
262.8 465.25
260.1 463
259.9 453
260.7 456.5
259.4 451.25
255.1 453.25
258.2 451.75
256.1 458.5
258.2 454
258.5 459
265.8 447.75
267.4 450.5
266.8 454.75
265.2 453.75
262.1 460
261.4 463
270.8 456.75
271.6 455
260 444.5
258.1 447
259.8 444.25
260.5 445.75
261.9 445.5
261.1 438.5
261.5 435.5
261.9 439.75
261 441
259.7 444
258.8 441.5
255.6 431.75
258.4 430
258.1 439
260 437.5
258.3 437.75
257.3 442
258.7 434.5
260.1 437.25
263.3 434.75
261.1 431.5
261.3 428.25
265.3 434.5
264.8 431
263.7 429.25
264.1 423
262.4 425
264.4 424.75
263.9 430
264 422
264.4 431.75
265.4 436
266.3 440
266.1 442.75
266.1 442.75
270 447.5
269.1 447.5
268.3 443
268.1 443.5
272 443.25
273.6 447.25
287.4 451
285.4 446.5
285.1 443.25
283.6 445.25
279.1 448
277.9 450
273.8 446.75
265.7 439.5
265.3 438
266.4 454.25
264.9 453.75
265.7 457
265.7 452
266 461.5
273.4 458.75
271.5 473
272 473
275.3 474.75
271.2 469.5
272.4 461.5
273.4 464.25
272.4 470
272.6 458.5
272.3 453.5
273.7 447
276.2 445
272.1 451
269.3 456
270.6 457.5
269.4 471.75
267.6 481.5
265.1 482.25
265.9 487.5
266.5 486
266.2 502
268.3 505
266.6 513
267.1 525
266.9 519
268.1 529
270.4 514.5
269.4 517.5
269.9 510
268.8 492
269.7 509.25
267.7 504.5
266.2 516
267.4 510.5
264.6 515
266.2 496.25
267.4 513.75
267.4 512
267.9 498
267.1 498
267.2 501.5
267.9 508.5
273.4 518
273.9 514
276.3 524.5
275.7 512
275.2 516
279.3 505
276.1 494.25
275 493
274.9 492.5
275.3 485.5
272.5 479.5
272.6 477.5
272.3 485.5
273.7 475.25
275.4 479
271.6 474.5
272 479.25
273 473
271.6 465.75
288.1 479
291.5 474.5
289 469
291.9 473
290.5 469
293.3 463.25
291.7 467
292.4 460.25
292.2 451.25
289.9 452
290.5 451.75
290.5 451.25
291.4 450.75
292.4 454.25
288.9 454
285.7 451
281.8 449
284.9 446.5
282.1 437
283.4 430.5
279.2 435.25
280.1 431
275.5 423
276.1 422.5
275.9 422
277.9 428.25
279.1 425.75
280.6 427.75
279.5 431
279.7 428.75
279.8 434
278.5 432.5
279.7 435.5
281 432
276.8 438.5
277.4 436.5
278.3 442.5
277.8 445.25
277.8 445
275.1 446.5
274.7 446
272.7 453.5
273 452.75
272.9 449.75
272.3 451.5
273.2 443
274.1 443
273.5 437
273.9 439.5
276.9 447
275.4 446
273.7 444.75
273.9 439.75
272.2 445.25
272.2 442.5
278 435
277.7 437.5
280.4 436.75
275.5 432.25
276 435.5
278 435.75
277.4 428.75
276.5 428.5
278.7 423.75
278.9 422.75
278.2 418.5
278.9 423.5
278.6 428
278.9 430
283.4 436
287.1 440
287.4 433.25
285.4 446
284.4 446
287.3 445
284.4 451.25
283.1 450.25
281.5 447.25
278.6 439.5
278.1 434
278.8 438.75
278.3 428.5
296.6 463.75
302.2 468.75
302.6 473.5
303.2 474.25
305.9 476
302.6 472
301.1 462
300.1 460.5
300.5 463.25
298.8 459.25
301.7 461.75
302.2 458
302.1 461
300 456.5
298.8 463.25
302.1 473.25
304.5 470.25
302.3 472
303 470.5
304 474
304.3 479.5
308.1 474
311.6 467.5
311.2 461.75
308.9 462.25
309.1 460.25
308.3 459.25
312.2 459
311.2 460.75
311.6 461
308.2 467.25
309.5 473
311 468.25
310.6 477.5
307.3 474.5
308.7 482
309.8 484.75
310.6 487.5
315.7 491.25
315.8 490.5
318 493
322.5 491.5
320.4 488
323.9 497.25
325.4 496.25
325.5 501.25
326.5 508.75
326.7 505.5
327.8 509.75
321.2 513.75
324.9 513.25
324.6 507.5
318.7 500.5
319.7 500.5
320.3 493.25
317.7 501.25
319.1 497
317.4 498.75
319.2 493
319.8 491.5
323.2 487.5
324.6 495
324.3 505.25
320.2 503.25
320.5 514
319.2 522
313.5 536.5
314 549.5
312.8 544.25
310.9 556.5
312.1 573.5
316.1 587.5
314.7 584.5
317.2 576.5
315.6 578
319.6 570
317.2 579.75
317.4 576.75
317 577.5
323.9 575.25
323.6 593.75
312.7 576
311.5 584
309.8 567.75
303.4 550.75
302.5 534.75
303.7 544.5
303.2 567.5
304 568.5
307 561.25
307.8 559.25
305.5 564.75
314.3 560
310.4 557.75
314.2 568
314.1 590.5
314.2 593.25
311.8 602
314.3 592.25
313.7 583.25
306 569
308.7 551.75
307.6 554.25
306.6 548
306.7 552
309.4 553.75
312.3 562.75
309.4 559.5
312.9 555.25
312.4 559
313.4 559.75
314.9 563.25
318.2 565.5
319.9 565
321.3 573.5
317.9 581
316.6 591.5
318.9 578
316.6 563.5
317.1 572.5
317 573
320.6 572
322.6 564
321.9 564.5
323 553.25
325.9 561.75
322.2 558.75
320.3 565.5
319.7 560.25
323.9 545.75
320.9 542
321.5 537.5
321.1 538
322.1 539.5
321.9 539.75
318.2 535.25
319.6 523.5
316.5 524.75
316.3 528.5
317.8 532.5
312.6 547.75
314 547
311.6 550.75
312.7 546
310.9 551
313 546.5
312 554.5
310.7 557.5
313.4 557
315.2 545.5
317.7 557
316.5 557
318 565.25
318.8 568.5
318.3 575.25
318.2 578.25
317.5 580.5
320.5 574
321.3 563.25
321.2 574
324.5 569.5
318.7 567.25
317.9 569.5
320.7 563.25
319.2 566.5
318.6 573.75
317.4 575.75
317.4 569.5
320.7 571.75
317.8 572.25
317.7 573
316.8 577.25
317.6 578.5
320.2 564.5
322.2 566.25
324.8 562
326.3 563.25
325.8 562
323.5 564
324.8 568
331.4 576
333.2 572
337 561.5
337.4 556
342.1 560.25
345.9 563.75
340.5 572
345.1 572.75
346.8 572.75
348.9 565.75
349.2 569.75
343.4 565.75
347.6 569.5
346.1 584.5
351.2 582.25
351.7 582
347.3 585.25
353.9 589.5
353.3 586.5
354.5 564.75
354.7 560.25
352 555
350.7 549.75
357.7 549
356.6 556
357.3 556
359.7 560
364.5 561.5
368.2 569
369.4 567.25
370 573.25
366.3 561.25
368.6 568.5
368.3 564
370.8 568
379 570.5
376.4 563
370.1 562.5
369.9 555.75
363.7 564.75
362.5 572
352.6 563.25
357.4 571.75
351.9 573
344.2 574
349.9 571.75
353.1 568.5
351.8 574
356.3 572.25
352.3 576.25
354 579.25
346.1 581.5
350.2 577
349.2 576.5
353.2 572.75
353.1 568.5
350.8 564.5
354.7 566.5
350.5 567.75
346.5 566.75
335.9 576
336.5 577.75
337.1 568.25
337.6 574
336.1 570.5
332.9 574.5
326 576.75
329.5 569.75
328.4 573.5
330.3 569
328.7 580.25
328.7 580
335.9 574.5
334.3 573.75
329.6 586.75
324.9 585.25
325.3 590.75
321.5 598.75
322.2 601
325.6 604
326.7 601
327.9 600.25
324.2 607.75
324.9 610.5
325.8 609.25
327.2 622
333.5 616.5
334.4 610
331.5 603
334.8 602.5
333.4 599
334.5 605
333.7 620.75
339.1 623.5
342.1 625.75
341 626.25
342.3 623.75
342.5 625
341.9 623
348.4 621.25
348.6 636.25
351.6 642.25
350 642.5
352.3 644
352.6 648.75
354.7 642
364.2 637
366.3 642.75
372 640
368.1 626.75
368.8 628.25
367.8 630.5
365.2 623
369.6 630
364.5 624.5
366 612.5
365.2 610.25
362.6 615.25
368.6 618.75
363.7 631.5
361.8 625.5
352.2 633.5
355.5 629.5
353.3 624.5
356.6 614.5
359 617.25
363.2 621.25
357.2 629
361.3 630
356.3 629.25
353 630.25
346.3 635.75
349.3 642.75
343.9 628.25
345.2 631.5
346 621.25
351.4 626.25
351.3 628.75
351 626.75
348.1 620.5
344.1 613.75
343.6 619
344.3 614.5
344.8 620.75
347.7 610
342.1 585.25
343.1 582
344.2 572.75
347.2 560.5
350.9 557.75
350.6 561.75
358.6 556.75
362.2 547.75
362.7 549.5
364.8 554.25
361.7 539.5
356.2 534.5
354 532.5
346.1 537.5
349.2 539.5
349.6 542
350.8 540
352.5 543
356.3 548.5
361.7 556.5
358.5 571.25
362.1 564.5
366 583
363.2 552.25
358.4 582.25
361.6 567.75
365.6 576.5
360.6 578.5
363.1 586.25
361.3 586.25
365.8 576.75
373.5 582.5
370.5 590.5
375.7 595
373.2 579.75
373.9 586.25
372.9 605.75
377.6 608
375.1 605.25
381.7 615.5
380 616.5
379.7 637.5
375.8 648
374.5 619
373.5 610.75
376.2 617.25
376.6 627
381.8 638
387.2 651.25
385.9 651
387.5 653
385 655.5
380.8 656.5
382.4 683.25
385.4 677.25
384.3 687.25
383.1 697
369.4 678
372.7 684
377.2 687.75
375.4 678.5
369.2 692.5
373.6 713.5
375.2 731.5
375.7 741.5
372.6 727.5
372.7 725.5
371.8 729.25
374 729.25
381.7 730.25
386.5 749.75
384.7 763.75
388.9 762.5
387.9 758.5
383.2 782
410.4 759.5
409.2 764.75
410.6 753.75
411 741.25
412.3 759.75
414.8 784.5
416.9 777.5
415.7 789
424.4 796.75
422.8 796.25
421.9 787.5
424 793.5
426.4 790
426.3 816.5
423.7 833
421.7 830
408.4 835
406.7 835.75
412.7 828.25
411.1 842
410 840.5
407.9 839.25
406.6 847.5
410 835.5
414.5 804.75
398.5 809
402.2 819.5
398.7 793
399.2 802.5
401 805.75
398.1 832.25
403.6 840
406.8 847.5
406.4 834.75
410.2 838
413.7 822
410.3 829
416 851
412.3 854.5
409.8 880
397.5 893
399 911.5
404.5 929.75
395.8 933.75
395.8 928
396.4 942.5
399.3 962.25
393.5 931
392.4 942
392.9 932.5
401.3 933.75
400.6 911.5
404.2 942
400 923.5
400.7 944
395.3 954
399.4 978.25
402.4 989
406.9 994
411.1 1018
412.5 1024
417.4 1055.75
419.8 1052
417.2 1023.5
416.7 1028.5
422.1 1013
417.1 1013
421.7 1016.25
427.3 995
427.8 1029.5
421.6 1045.5
415.4 1024.5
418.9 1009
422.8 1016
419.9 988
420.1 967
407 971.5
399.8 1013
397.7 963
401 965
400.6 969
397.7 952.75
390.8 935
393.3 947
395.1 967
396 964.5
398.6 1003
405.4 862.5
404.2 751
406.6 707.5
405.6 707.5
401.9 725
397.1 707.5
395.2 657.5
390.5 669.5
390.3 669
387 665.5
389 627
387 624.5
391 599.5
391.7 598
394 599.5
392.2 590
392.3 609.5
399.8 606.75
400.7 614.5
400 630.5
395.5 637
394.3 687.5
398.9 652
402.9 575.5
404.4 591.75
404.3 600.25
407.1 598.25
413.2 594.75
410.5 623
403 620
407.9 623.25
407.4 616.75
403.3 600.5
407.8 622.5
410.4 627.25
408.8 636.5
406 627.75
400.5 614.75
397.4 588
399.4 581.5
398.5 581.25
401.9 563
404.1 561
405.7 560
405 566.5
404.7 557.25
405.8 553
405.3 543.75
408.3 542.25
407.2 538.25
410.9 537.75
408.1 523.5
409.1 531
412.5 531.5
413 533.5
418.7 527
419.5 534.5
414 525.25
418.2 524
418.4 526.25
418 525.75
423.1 528.5
422 539
415.1 513
413.2 509.5
418.1 515.5
418.7 514
416.2 514.75
420.3 527.75
423.5 532.5
424.4 528
424.6 530
429 541
426.8 539
424.8 530
425.1 529.5
428.5 527.5
427.3 518
420 528
424.6 524.25
430.1 509.5
433.6 505
432.7 502
435.7 510.5
434 523
434.9 520.5
437.9 523.5
437 535.75
440.2 540.5
444.8 553
442.6 555
446.8 550.5
448.8 554.5
447.8 561.25
449.3 554
453.7 539.5
451.3 534.75
454 528
450.4 520.75
456 525.75
454.2 529.75
452 522
437.2 529.25
435.8 526.5
433.9 533
438.9 546.75
435.9 550.25
440.8 546
436.9 544.5
441.6 548.75
442.4 550
441.8 549
440.3 546.25
441.9 550.5
445.2 558.5
444.3 551.25
436 546.75
437.5 547.75
428.7 537.25
428.5 529.75
426.6 534
421 541.75
418.9 551.75
419.1 560
421.9 557.5
426.1 554
424.5 557.5
422.7 542
423.2 513.5
423 517.75
422.4 523.25
426.7 516.75
426.9 520
422 526
426.9 523
426.3 515.75
425.8 514
421.8 514.75
420.8 507
421.1 505.25
416.6 502
414 499.5
413.6 501.25
412.6 503.5
412.9 510.75
417.2 516
420.5 525.75
425.8 535.75
425.9 535.25
425.5 535
427.3 552
427.1 552.5
434.5 577
434.9 576.75
434.5 569
434.9 597.5
436.5 615.5
432.9 605
432.8 618.75
429.9 620
434.2 622.75
435 608.5
440.3 619.5
442.1 624
442.8 633.25
446.2 656.75
441.1 654
440.9 681
443.7 673.5
438.7 671.5
439.3 649
431.1 626.5
431.3 627.25
425.2 623.25
424.7 628.75
425.9 625.75
426 624
428.7 627.5
425.9 614
423.9 615
424.5 617.5
427.1 623.25
426.5 623.5
426.9 612
428.6 616.75
427.6 617.5
429.3 623.25
424 617
424.9 616.25
427.5 609.5
432.9 631
435.3 630.75
433 637.75
434.3 633
434.6 635.25
437.9 636.75
433 627.25
435 619.25
429.5 619.25
426.7 618.75
429 620
429.8 623.5
426.1 635
426.2 632
427.2 628.25
427.2 628
421.6 619.75
420.2 603.75
418.9 623.5
419.4 620.75
421.5 633.25
420.5 629.25
417.4 632
416.6 640
417.5 645.5
418.8 666.5
418 676
419.8 667.75
416.3 680.25
415.3 685.25
422.7 668.5
423.7 675.25
426.5 677.75
424.8 674.75
424.7 667.5
424.2 673.25
427.4 666.25
429.3 680.5
427.5 689.75
429.1 702.5
436.2 700.75
438.3 724
438.4 739
438.9 735.25
438.1 737
441.7 725.75
440.5 744.5
440.3 694.5
436.4 666.75
435.9 651.75
427.8 673.5
422.9 712.25
423.5 696.25
423.3 692
422.9 675.5
425.5 688
426.3 698.5
423.9 711.5
419.6 723
420.7 721
420.5 717.25
419.7 682.5
421.7 684.5
425.4 669.5
424.7 669.25
425.7 669.75
423.4 676
424.7 673.75
427.3 684.25
429.9 671.75
431.9 673
431.9 689.5
436.9 670
437.9 671.25
437.2 658.5
434.7 660.5
434.2 643
436.5 643.5
445.5 641
445.9 643
442.2 612.75
446.1 616.75
439.9 615
439.5 609.75
437.2 597.25
438.1 607.25
439.4 610.75
437.3 602.5
438.4 587
437.4 591
437 594
431.2 599.75
433.8 586.75
442.3 595.75
444.2 588.5
444.4 604.75
444.9 595
446.7 590.5
449 580.5
449.7 575
446.1 576
449.8 569.5
455.5 568.75
459.5 571.25
466.7 576
466.2 572
468.9 577.75
466.6 580.5
463.5 574
465.9 567.5
462.6 557.5
469.7 562.75
472.1 584.5
463.5 589.25
461 585
467 572.25
465 575
472.8 578
471.2 571.5
473.8 571
466.3 578.25
468.2 590.25
503.3 562.75
548.3 562
553.5 568
558.3 574.5
557.7 571.25
562.2 567
559.7 573
558.7 589.25
555.2 572.5
552.4 575.25
550.9 577
550.1 574.75
560 573.75
567 579.5
566.6 581.5
573 582.5
586.7 587.75
581.8 571.5
589.4 565
586 558.75
587.9 561.5
595.2 564
588.4 557.75
597.6 555.25
595.2 562.5
597.5 560.5
596.5 563
615.4 571.5
620 575.5
632.6 574
619.8 571.25
632.2 569.75
620.6 574.25
631 579.5
638.8 575.75
633.3 575.25
651.8 587.25
657.5 593.25
664.7 590.5
665.9 592.75
674.2 590.75
682.2 594.5
677.8 586
699.4 592.5
703.7 593.25
719.8 602.75
710.3 600
683.6 604.5
691.5 602.75
690.5 604
679.6 598
656.7 587
657 582.5
673 586.75
637 582.5
648.4 584.25
650.9 582.5
653.9 583.5
642.5 579.5
627.6 586.75
635.5 609
643.2 603.25
629.4 593.5
627.4 597
609.1 587.75
608.2 585.75
606.8 600
562.5 595.75
562.3 589.5
566.5 592.5
578 600.25
568.8 584.5
576.9 585.25
587.5 586.25
582.2 583
584.8 580.5
584.8 569.5
581.6 578
578.3 578.5
576.3 542.5
572.4 564
578.4 574.5
571.9 560.5
572.3 562.25
576.3 579.75
588.8 591.5
594.7 589
589.7 600.5
588.9 604.5
599 608
593 606.5
579.7 617.5
584.4 623.5
587.6 622
596.8 627.75
598.2 635.5
669.4 773.25
656.5 865
660.5 870
673.3 815
665 870.5
673 868
682.5 892.5
681.7 889
695.6 878
700.8 891
703.3 903.5
712.2 905
711.9 925
709.5 928
709.6 941
715.8 968.5
715.8 969.5
722 971
732.4 988.5
731.4 979
732.1 978.75
731.6 973
728.3 990.75
964.5 1498.5
972.1 1522
981.5 1544.5
963.9 1494
986.2 1490.5
975 1443
972.2 1341
969.9 1388
974.2 1392.5
978.8 1379
992.3 1387
998.2 1340
1001.4 1302.75
1003.2 1307
944.7 1257
919.6 1207
918.3 1257
934.6 1307
949 1352
948.8 1327.25
929.3 1581.5
926.2 1605
942.5 1628
944.8 1645.75
931.9 1658
927.3 1589
921.9 1561
927.3 1578
940.9 1609.5
959.5 1630.5
972.7 1595
977.7 1542
961.8 1573
970 1521
957.3 1470
963.1 1409.5
948 1416.75
922.4 1394.25
922 1385
926.6 1398.75
927.6 1400.25
916.4 1384.25
835.5 858
801.5 867
785.1 894
787.6 929
766.1 908
733.3 859
713.3 884.5
729.1 863.75
741.7 893
739.3 878.75
752.8 937.25
865.4 1014.25
841.1 990
853.9 989
854.3 1037.5
820.3 954
820.1 969.5
808.2 978
806.7 994.5
839.3 1020
854.6 992
849.6 1020.5
858.2 1012
895.3 1009
908.5 1009
899.2 976
888.1 982.5
915.5 904.5
922.6 952
926.1 952
907.4 977
895.6 995.5
871.5 994
882.2 989.5
884.8 1006
882.2 1007
894.7 1021.5
890.9 1036
892.8 1035
879.3 1058.5
867.4 1051
887 1018.5
882.1 1038
891.8 1046
905.9 1037.75
913.6 1040.25
907.4 1004.75
892.8 989.5
993.1 917
1008 927
999.5 918
1003.2 885
1016.7 885
1038.6 910
1043.3 912
1055.4 936
1047.8 964
1056.7 999
1064.2 993
1063.9 994
1049.8 983
1050.7 977.5
1057.3 996.25
1057.8 982.5
1063.7 1008.5
1057.8 1005.5
1055.6 1006
1042.1 986.5
1034.7 973.5
1029.9 968.5
1174.2 1053
1181.1 1060.5
1199.1 1059.5
1212 1034
1217.4 1047
1168.8 1043
1163.4 1053
1142.8 1044
1120.4 1028.5
1125.7 1027
1119.4 1035
1123.3 1055
1122.4 1055
1135.5 1059.5
1106.8 1022
1110.8 1012
1095.4 1001
1086 991
1093.3 1001.25
1104.1 999.5
1107.2 1029
1097 1038
1091.5 1036.25
1095.2 1039.75
1117.7 1049.5
1118.1 1052.25
1135.9 1050.5
1133.1 1017.75
1138.2 1013
1150.7 1001.75
1128.9 969.5
1136.4 983.5
1142.6 968.5
1130.1 974
1139.7 963.5
1112.3 950
1102.7 954
1089.2 951.5
1095.2 940.5
1097.9 947.5
1084.4 929
1112.6 961.5
1102.7 952.5
1096.5 955.5
1107.8 941.5
1118.3 951
1117.8 952.5
1136.9 954.25
1142.7 954.5
1132.6 932.5
1134.8 934.75
1123.6 940.5
1122 941.5
1107.8 952
1108 925.5
1101.5 926
1105.1 930
1122.2 945
1124 959
1127.4 959.5
1107.4 961.75
1099.3 968.5
1103.5 968
1088.6 960
1092.7 942.5
1104.2 952
1110.3 967.5
1104.5 974
1113.3 941
1125.1 942
1132.9 936
1135.1 944.5
1152.3 952.5
1152.2 946.5
1161.1 952.25
1161.6 960
1152.8 968
1159 969
1159.7 984
1136.3 985.25
1135.2 976.75
1138.6 984
1148.2 995.5
1142.3 1004.25
1153.1 1000
1153.5 998.75
1161.7 982.75
1171.3 982.75
1168.4 985.75
1180.1 989.5
1182.7 975.75
1168.6 977
1174.6 968.25
1196.9 945.5
1210 951.25
1200.4 952.75
1219.9 958.25
1242.7 959.5
1228.8 960.5
1227.4 948
1227.7 941
1214.3 939.5
1192.6 938.5
1187.8 944
1175.7 941
1193.8 940.5
1197.8 930.5
1213.3 938
1211.9 951.75
1212.2 937.75
1224.8 932
1220.6 932.5
1208.3 955
1216.2 935
1239.3 935
1244 931
1228.5 943.5
1220.8 935
1228.9 946.25
1223.3 951.5
1233.2 949.5
1229.3 957.75
1247.5 952
1257.2 961
1239.7 963.25
1239.9 965.5
1234.1 958
1245.5 955.5
1255.8 957
1238.2 955
1242 947.25
1245.5 948.5
1206.3 953.5
1207.4 962.75
1194.8 964.25
1198.6 993
1195.8 1012.5
1209.6 1025.5
1198.5 1031.75
1213.3 1030.5
1206.8 1036
1208.1 1019
1188 1019.5
1181.7 1008
1191.5 1011.75
1191.6 1015.25
1195.5 1016
1187.7 1017
1183 998.25
1158 998
1160.4 1010.5
1168.4 1026.75
1181.7 1052.5
1183.4 1053.25
1185.2 1053.5
1193.7 1053
1197.2 1055
1203.4 1059
1200.7 1048.5
1196.2 1036.25
1197.5 1044.5
1214.8 1057
1214.9 1052
1224.5 1034
1226.6 1045.25
1229.7 1035.25
1233.8 1016.75
1227.2 1009.25
1226.9 1007
1231.8 999.5
1239.5 1000
1235.4 1013
1236 1022
1237.1 1018
1248.3 1008
1246.3 1004.5
1251.5 1007.5
1249.2 1029.75
1257.3 1043.75
1255.6 1041.25
1248.9 1037.75
1244.5 1023.5
1245.1 1025.25
1269.7 1025
1266.7 1042.5
1271.9 1036.25
1275.6 1069
1279 1084.5
1272.4 1080
1290.2 1088.5
1294.3 1093.5
1296 1126
1296.7 1128.5
1306.6 1110
1308.5 1099
1307.8 1106.75
1316.1 1057
1315.4 1054
1338.9 1071.75
1346.4 1062
1333.9 1065
1344.2 1135
1353.3 1152.5
1345.7 1178.5
1369.5 1176.5
1376.7 1188.5
1371.1 1185
1371.2 1184
1335.1 1180
1343.3 1212
1324.7 1201.5
1324.4 1199.5
1338.3 1217.75
1338 1219
1322.2 1223.75
1342.1 1225
1357.1 1226
1350.2 1225.25
1356.4 1223.75
1337.1 1227.5
1382.7 1264.75
1397.3 1273.5
1402.8 1264.5
1409.8 1319.25
1399.1 1309.5
1403.1 1330.25
1365.4 1263
1368.4 1286.5
1338.3 1219.75
1336.8 1205
1352.9 1242
1352.2 1201.5
1357.7 1221.5
1377.5 1239
1372.9 1255
1362.3 1238.5
1366 1235
1385 1243
1387.3 1283
1388.5 1279.75
1405.4 1300.25
1415.3 1288.5
1408.3 1285.5
1382.5 1296
1392.1 1281.5
1384.3 1273
1397.3 1302.5
1403.6 1296
1385.5 1296.5
1370.4 1289
1378.6 1298.75
1385.5 1315.25
1388.2 1326.25
1386.8 1328.75
1380 1349.5
1382.4 1373
1405.2 1375.75
1413.1 1366
1405.6 1366
1421.1 1393.75
1422.6 1370.25
1378.5 1361
1373.4 1386
1371.4 1369.5
1368.5 1357.75
1373.7 1373.25
1384 1350.5
1385.7 1409
1386.9 1410
1360.4 1406.5
1368.1 1413.25
1370.2 1411.5
1346.5 1414.25
1341 1412.25
1344.5 1404.5
1332.3 1374.5
1333 1385.5
1318.4 1399.5
1340.7 1398
1333.8 1413
1339.6 1438
1331.5 1444
1352.3 1435.5
1348.3 1433.5
1347.6 1424.5
1363.4 1434.25
1364.8 1451
1361.9 1433
1359.9 1416
1364.6 1402.75
1373.6 1368
1374.7 1366
1384.7 1404.5
1388.2 1368
1400.5 1298
1413.4 1320
1415.3 1318.25
1408.7 1365.5
1409.3 1357.25
1430.7 1367.5
1437.2 1387.25
1416 1405.5
1428.2 1407.75
1434.1 1387.75
1426.9 1375.5
1429.3 1344
1412.2 1348.75
1421.5 1326.5
1424.6 1329
1392.6 1270
1396 1287
1404 1335.25
1415.9 1362.5
1426.2 1363
1427.5 1365.5
1437.9 1351.25
1434.8 1354.5
1426.1 1358.25
1419.8 1348.5
1416 1361.5
1423.8 1372
1438.9 1410.25
1428.1 1393.75
1432.2 1384
1451.8 1373.25
1457.7 1376.5
1458.5 1363.5
1473.4 1392.25
1467.4 1368.5
1452.9 1329.75
1454.9 1333.5
1471.7 1331
1485.3 1331.75
1492.3 1344.25
1494.5 1342
1498.3 1357.75
1503.2 1380.5
1508.6 1389.5
1503 1382.75
1516.7 1378
1530.8 1350.25
1556 1392.75
1556.7 1390.25
1540.1 1359.25
1514.9 1350.5
1480.9 1319.75
1491.2 1325
1502.9 1335
1516.6 1340
1501.1 1333.5
1506.6 1345.25
1493.4 1337
1490.4 1326.5
1479.8 1341
1495.6 1379.5
1492.2 1379.5
1508.8 1380.25
1515.3 1373.75
1523.2 1372.25
1526.6 1377
1522.8 1384.75
1536.3 1379.75
1535.9 1376
1542.4 1386.25
1532 1407
1541.7 1414.5
1546.5 1383.25
1543.3 1394
1538.1 1401.5
1542.1 1393.75
1528.6 1387.25
1515 1382.75
1523.8 1368
1525.6 1368
1529.3 1350.5
1538.6 1333
1541.5 1335.75
1546 1348.75
1552.9 1330.25
1520.1 1317.75
1500.5 1320.25
1496 1329.75
1499.7 1330.75
1509.9 1334.25
1502.3 1306.25
1482.3 1322.25
1512.3 1332.25
1528.7 1331
1530.2 1345.5
1541.2 1352
1548.8 1352.5
1561.9 1366.5
1585.2 1387
1589 1390.5
1589.8 1385.75
1602.1 1385.5
1600.9 1379.25
1596.7 1378.25
1586.8 1380.25
1601.3 1380.25
1612 1365.5
1616.6 1383
1615 1375.75
1613.4 1367.75
1628.3 1354.25
1619 1358.75
1641.9 1373
1663.4 1364
1656.2 1339.25
1648.8 1331.5
1710.2 1309.25
1740 1298.75
1781.3 1300.75
1748.8 1333.75
1740.2 1337
1755.5 1343.5
1782.4 1340
1791.2 1356.75
1818.9 1352
1848.9 1359.75
1888.7 1376.5
1858.3 1389.5
1754.1 1386.5
1759.8 1386
1794.1 1414.75
1788.4 1438
1826.7 1448.75
1828.5 1449
1826 1424.75
1873.7 1436
1869.9 1413.5
1814.2 1411
1854.4 1407.25
1856.4 1416.5
1809.9 1387.5
1826.8 1381.25
1823.5 1374
1778.5 1358.75
1812.1 1355.5
1776.4 1336
1806.6 1338
1805.5 1320.5
1739.2 1283
1637.5 1258
1592.5 1259.75
1650.6 1263
1616.3 1223.5
1615.5 1230
1620.4 1179
1656 1177.5
1614.7 1160
1640.3 1163.75
1651.9 1163.75
1634.5 1158.25
1669.6 1177.5
1659.7 1235.5
1681.3 1239.5
1667.3 1257
1681.8 1270
1675.5 1253
1651.7 1250.75
1646 1225
1611.9 1225
1635.1 1212.25
1651.5 1226.75
1699.6 1225.5
1722.7 1210.5
1746.7 1235
1746.2 1217
1724.2 1207.5
1711 1192.25
1728.7 1193.5
1764.2 1219.25
1755.3 1212.5
1790.3 1192.25
1798.4 1195.25
1790.9 1175.75
1758.9 1158
1787.5 1166
1777.8 1172
1781.7 1200.25
1773.8 1187.75
1719.8 1168.25
1724.7 1168.25
1678.3 1148
1702.2 1153
1695.7 1122.5
1685.5 1106.5
1710.8 1121
1713.4 1125
1745.5 1131.25
1735.3 1128
1747 1135.75
1730.7 1126.25
1727.9 1129.5
1740.9 1131
1709.8 1132.5
1712.8 1107
1664.2 1112
1659.9 1118.5
1584.3 1100
1574.6 1111.75
1595.6 1130
1594.4 1137
1615.6 1144.5
1611.9 1153.75
1608.9 1162.25
1604.7 1163
1594.2 1199.75
1562.9 1198.25
1539.9 1187.5
1565.8 1198.5
1599.7 1218.25
1611.9 1221.5
1619.4 1201.25
1616.1 1189.5
1607.5 1225.75
1631 1223.75
1639.2 1197.5
1647.3 1178.5
1630.4 1160
1655.2 1183.5
1659.5 1183.5
1654.1 1197
1663.7 1187
1678 1217.5
1664.2 1220
1699.8 1213.5
1726.3 1222.75
1731.8 1219
1731 1185.25
1737.8 1199
1747.1 1215.25
1756.8 1217
1737.9 1232.5
1722.8 1233
1746.4 1232
1729.3 1231.5
1739 1227.5
1723.3 1229
1723 1252
1715.9 1255
1726.3 1261
1726.8 1258.25
1724.5 1267.5
1757.1 1271
1770 1272.25
1784.9 1276.75
1775.1 1279
1773.6 1293.75
1787 1305.25
1709.9 1313.5
1721.1 1316.75
1708.8 1328.25
1703 1319.25
1671.4 1329.75
1683.3 1321.5
1698.1 1332.5
1710.9 1331.75
1699.2 1330.5
1693.7 1348.75
1642.5 1356
1659.1 1369
1655.5 1374
1666.9 1366.5
1646.7 1345
1650 1355
1642.3 1349.5
1662.3 1365.75
1685.5 1379.5
1684.8 1369.75
1657.9 1367.5
1652.2 1355.5
1669.3 1403
1677.5 1421
1670 1416.75
1612.3 1419.5
1628.5 1434
1642.5 1431
1659.5 1426
1659 1422
1679.5 1441
1659.1 1436.75
1648.7 1420
1650.3 1425.75
1638.8 1407.75
1640.6 1415.75
1642.1 1446.75
1631.9 1437.25
1643 1461.25
1641.4 1473.5
1659.6 1481.25
1664 1496.75
1663.4 1503
1661.7 1497.75
1653.4 1480
1634.2 1468.75
1644.7 1475
1638.6 1463.5
1604 1437.75
1593.7 1427.75
1595.1 1452.25
1583.6 1404
1560.6 1390
1556.8 1413
1536.2 1422
1574.5 1438
1591.6 1405
1588.4 1412.5
1576.3 1382.25
1548.1 1362.5
1557.3 1376
1568.8 1382
1548.6 1386.75
1563.4 1373.25
1562.6 1340
1620.5 1344.25
1612.2 1340
1615.2 1349.5
1632.8 1386.25
1586.6 1428
1590.1 1426.25
1595.5 1424.75
1612.7 1435
1618.1 1408.25
1618.4 1386
1627 1376
1625.7 1384.25
1622.2 1433.75
1614.8 1446.5
1564.5 1438.5
1566 1442.5
1587.5 1482.5
1574 1470.5
1577.5 1471
1549.7 1466
1603.5 1512.75
1597.2 1532.25
1621.3 1572.25
1608.9 1626.5
1578.4 1619.75
1588.6 1665
1579.3 1648.75
1575.2 1623
1564.9 1625.75
1591.6 1642
1591.2 1633.75
1589.1 1639
1570.4 1683.5
1580.1 1733.75
1582.5 1757.5
1577.1 1698.5
1576 1649.25
1608 1694.25
1615 1655.75
1617.9 1684.25
1619.7 1725.75
1610.5 1721
1603.7 1682.25
1587.4 1653
1606 1656.25
1612.9 1607.5
1609.7 1605.25
1612.9 1630
1617.1 1694.5
1619.7 1709.5
1609.6 1656.25
1599.4 1680
1603.7 1659.75
1616.1 1656.25
1616.3 1671
1620.1 1703.75
1639.9 1753.5
1637.4 1748
1669.6 1727.25
1669.8 1737.5
1672.4 1729.75
1666.5 1732.5
1659.8 1763.25
1653.5 1770.25
1684.6 1764.5
1692.9 1771
1690.8 1748
1702.6 1744.5
1737.5 1731.75
1728.7 1713
1731.8 1696.5
1730.6 1740.75
1769.1 1743.5
1769.8 1736.5
1767.7 1669
1768.4 1640
1769 1669.5
1767.7 1618.75
1775.5 1621.75
1762.1 1610
1763.8 1611.5
1750.6 1573
1777.6 1570.75
1771.1 1601
1780.5 1560.25
1772.7 1530.5
1777.3 1531.75
1794.1 1551.5
1778.6 1551.5
1773.5 1551
1763 1550
1763.2 1523.25
1768.8 1548.5
1758 1522.5
1736 1492.5
1744.7 1493.75
1751.5 1509.25
1743.3 1545.5
1722.8 1534.25
1725.1 1546.5
1708.3 1553.25
1700.5 1570.5
1712 1564
1710.9 1561.25
1717.5 1547
1714.1 1558.5
1674.1 1527
1682.2 1504.25
1714.1 1516.75
1713.2 1508.75
1725.4 1499.25
1730.3 1452
1730.3 1411
1724.2 1427
1729.5 1432.75
1713.3 1402
1714.3 1383.25
1734 1394.75
1723.2 1412.75
1727.9 1408.25
1751.3 1418.75
1749.5 1424.75
1742.2 1449.25
1716.5 1446.25
1727.2 1448
1710.9 1438.75
1719.6 1453.75
1694.4 1455.5
1692.4 1479.25
1700.3 1491.25
1704 1472.25
1713 1474.75
1708.2 1472
1716.6 1473.5
1695.6 1476.5
1695.8 1496
1697 1496.25
1669.5 1466
1666.5 1437
1644.9 1408.75
1659.1 1430.75
1658.6 1439.75
1659.8 1424.5
1662.6 1418.75
1654.9 1424
1674.8 1418.75
1687.9 1405.5
1673.7 1403
1648.1 1389
1645.5 1410.75
1661.5 1413.75
1654.8 1419.75
1677.3 1417.5
1660 1424.75
1668.9 1459.75
1683.4 1413.5
1682.7 1436.5
1690.4 1430.25
1686.6 1429.25
1692.8 1451.75
1686.3 1437
1669.5 1435.25
1656.4 1441
1652.4 1447.75
1660.7 1451.75
1679.9 1478.75
1660.6 1468.5
1669.4 1474.25
1675.3 1488.75
1672.4 1495.5
1677.7 1487.5
1670.4 1486.75
1666 1452.5
1648.2 1431.5
1648.7 1420.75
1644.2 1423
1634.7 1418
1608.8 1424.5
1603.6 1470.25
1577.6 1482.75
1578.2 1487.75
1572.4 1461.25
1586.2 1451.25
1615.2 1447.75
1595.2 1457.5
1577.7 1474.25
1571.9 1464.5
1572.1 1490.25
1574.6 1496.5
1574.6 1484.5
1574.8 1503.5
1576.6 1508.5
1577.8 1514.75
1591.5 1489.75
1588.3 1475
1590.6 1457.25
1592.5 1426
1604.6 1409.5
1611.3 1406.75
1607.5 1419.75
1613.8 1449
1606.2 1440.5
1604.6 1437.25
1595.8 1447.75
1606.2 1453.75
1594.8 1404.75
1600 1390.75
1575.1 1394
1552.8 1380.25
1551.8 1372
1575.4 1361.75
1572 1378
1586.2 1395.5
1558.3 1392.75
1564.3 1402
1501 1413
1360.6 1395
1386.8 1411.5
1382.2 1422.25
1392 1430.5
1395.3 1428.25
1421 1417.25
1408.6 1419.75
1423.4 1404
1461.8 1423.5
1453.6 1430.75
1467.4 1471.75
1472.2 1467.75
1446.3 1437.5
1467.7 1441
1464.3 1455
1468.1 1444.5
1449 1463.5
1473.9 1479
1468.8 1491.25
1436.8 1488.25
1434.5 1521
1424.7 1524.5
1396.5 1412.75
1387.1 1427.5
1364.9 1448.5
1384.3 1464.5
1377.8 1478.25
1367.6 1494.25
1392 1499.5
1386.8 1476.25
1379.1 1509.25
1391.3 1501.75
1411.5 1495.75
1392.6 1510
1411.7 1532.5
1397.1 1528.75
1398.4 1532
1415.7 1527.25
1383 1528.25
1386.2 1511.75
1377 1540.5
1391.8 1540.75
1377.6 1510.25
1387.3 1516.5
1382.8 1512.5
1366.6 1510.75
1373.6 1523
1285.9 1497.5
1291.6 1493.25
1276.8 1512
1274.8 1525.25
1229.6 1534.25
1211.4 1548.5
1223.8 1564.5
1255.9 1570.5
1243.6 1573
1252.1 1583.5
1212.9 1588
1234.9 1609.25
1245.9 1613.25
1247.4 1591.75
1280.1 1601.25
1277.8 1563.25
1283.8 1453.75
1290.8 1475.25
1277.9 1477.5
1284.6 1469.25
1293.3 1490.75
1336.4 1520.25
1335.1 1462.5
1319.7 1392.5
1329 1355.25
1321.7 1349.75
1328.4 1367.5
1324 1350
1312.4 1374
1311 1357.75
1310.6 1331
1302.6 1329.75
1283.2 1324.25
1286.1 1327.75
1310.7 1355.75
1312.9 1340.75
1334.7 1373.75
1321.2 1359.75
1334 1368
1361.6 1288.25
1371.7 1283.25
1366.2 1322
1373.1 1309.25
1370.6 1333
1371.2 1322
1395.7 1365.25
1393 1427.75
1420.6 1414
1419 1433
1412.9 1430
1396.1 1424
1412 1435.5
1389.9 1397.75
1373.1 1423
1386.7 1437
1386.8 1404.25
1364.1 1403.75
1363.9 1405.25
1330.4 1442
1308.4 1488.75
1317.9 1348.25
1309.5 1342.5
1307.8 1347.75
1369.4 1339.5
1332.5 1315.25
1326.9 1307.75
1316 1312.5
1335.9 1321.75
1323.6 1316.75
1338.4 1319.75
1326.5 1282.75
1286 1268
1320.6 1273.75
1317.4 1288.25
1309.7 1295
1324.8 1296.5
1324.2 1288.75
1306.9 1287.75
1296.6 1288
1268 1266.75
1276.4 1273
1273 1267
1282 1276.5
1322.7 1293.25
1314.4 1291.25
1315.7 1303.25
1342.5 1302.25
1333.9 1310
1350.2 1309.75
1352.4 1300
1352 1271.25
1345.2 1279
1349 1287.5
1323.6 1280.25
1313.1 1266
1314.6 1264
1308 1259.25
1317.7 1263
1308.4 1278.75
1284.5 1306
1281 1308
1271.1 1319.25
1268.3 1319.75
1286.2 1317.25
1287.3 1280.5
1272.2 1287.5
1273.4 1276.25
1257.9 1273.75
1243.5 1291.5
1244 1319.5
1241.1 1329.25
1241.4 1329.25
1237.8 1320
1250.6 1336.5
1222.3 1321.25
1221.7 1319.75
1248.2 1329.5
1233.2 1328
1230.3 1325.5
1235.3 1343.75
1262.4 1338.25
1258.5 1344
1226 1323.75
1235.7 1327.5
1245.5 1337.75
1231.2 1346.5
1236.1 1324
1195 1327
1205.1 1339
1198.4 1328.5
1205.1 1333.75
1214.1 1318.75
1216.1 1331.5
1203.1 1328.25
1201.9 1312.5
1225 1287
1238.4 1289.25
1237.8 1296.75
1229.4 1299.5
1225.3 1300.75
1229.3 1296.25
1246.7 1303.75
1250.9 1326.75
1245.2 1339
1238.1 1318
1240 1315
1251.7 1316.5
1242.3 1280.5
1239 1279.5
1262.6 1277
1264.5 1284.75
1263.6 1287.75
1251 1285.5
1262.2 1269.25
1242.2 1275
1240.1 1282.75
1260.4 1292.75
1251.7 1313.25
1257.3 1316.25
1257.6 1325.75
1263.3 1331.5
1274.8 1325.5
1290.1 1334.75
1295.3 1323
1300.4 1344.25
1319 1337.5
1324.7 1361
1320.6 1354.25
1317.1 1358.25
1323.9 1370.75
1338.3 1386.5
1343 1399
1328.2 1407.25
1331.6 1393.5
1321.4 1414.25
1350.1 1407.25
1337.8 1418
1340.2 1420
1351.7 1437.5
1338.1 1457.5
1341.4 1419.25
1346.5 1411.5
1370.3 1381.75
1372.2 1390.75
1379 1376
1372.9 1391.75
1359 1418.25
1341.4 1431.25
1330.5 1433.75
1336 1408.75
1311.2 1425.5
1311.4 1428
1303.4 1440
1294.7 1436.5
1293.8 1436.5
1283.4 1464
1279.6 1484.5
1290.5 1462.25
1284.4 1475.25
1303.2 1473.75
1298 1464.25
1308.7 1482.5
1305.5 1495.25
1320.1 1482.25
1318.7 1463
1327.2 1476.25
1300 1501.25
1303.1 1518.75
1293.4 1514
1288 1498.75
1280.6 1479.75
1284.2 1468.5
1290.5 1472
1300.7 1498
1298.9 1508.25
1296 1524
1295.6 1530.75
1283.1 1473.5
1302.6 1480.75
1309 1472
1308.3 1464
1288.6 1451
1287.4 1474.25
1287.3 1501
1295.6 1483.75
1294.6 1502.25
1305.7 1496.25
1293.5 1470.25
1293.3 1465
1293.7 1485.25
1294.5 1469.75
1288 1505.25
1294.9 1518.75
1291.6 1515.5
1265.4 1488.75
1259.3 1497.75
1256.3 1499
1245.6 1493.25
1243.7 1500.5
1244.3 1481.25
1244 1482.5
1253 1460.5
1252.1 1457
1253.5 1457
1259.8 1462.5
1260.8 1445.5
1273.6 1415.25
1273.7 1425.75
1274.9 1421.75
1271.7 1398.25
1272.4 1409
1313.7 1420.75
1316.2 1415.75
1318 1424.75
1320.9 1413.5
1322.2 1415.75
1316.1 1437
1319 1432
1321.8 1400.5
1326.4 1400
1330.7 1392.5
1320.4 1387.75
1316.5 1363
1316 1329.75
1323.8 1334.5
1338.7 1329.75
1337 1295.75
1306.3 1295
1296.9 1180.5
1299.6 1187.25
1316.7 1174.75
1309.2 1176.75
1313.7 1175.75
1306.1 1184
1304.5 1201
1290.6 1207.5
1303.1 1212.25
1303.3 1236.5
1298.3 1226.5
1294.9 1220.5
1281.3 1224.5
1293.6 1215
1287.7 1232.5
1284 1222.75
1306.7 1237
1310.8 1250
1308.9 1284.75
1308.5 1314.75
1308.8 1290
1312.8 1264.5
1313.9 1224.5
1304.5 1102.5
1297.7 1115.5
1295.1 1120.25
1293.4 1119.75
1273.7 1136.25
1278.6 1166
1277.3 1125.75
1283.8 1075.5
1281.9 1085.75
1288.7 1073.75
1285.8 1089.5
1263.7 1097.25
1268.9 1080.75
1265.1 1064.25
1265.8 1085.5
1252.7 1090.75
1246.8 1076.5
1243.5 1071
1237.4 1061.5
1229.9 1091
1233.6 989.5
1235.2 980.75
1234.4 982.5
1225.7 971.5
1215.3 957
1216.8 938.25
1221 936.25
1218.6 936.75
1221.2 922.75
1214.1 910.25
1217.5 923.5
1210.5 913.25
1214.6 916.75
1214.2 924.5
1192.2 912.25
1206.7 942.25
1211.7 940.75
1205.3 935
1224.6 942
1221 922.5
1229.3 945.25
1233.6 964.75
1244.1 952.5
1240.5 966.5
1238.3 951.75
1244 944.25
1251 964.25
1244.8 962.75
1228.5 993.25
1231.2 977.5
1229.1 1006
1229.2 1008
1224.3 1043
1198.1 1024.25
1171.1 1046.5
1169.4 1028.75
1167.4 1010
1145.4 1020.5
1142.3 1031
1169.6 1040.25
1159.6 1027.5
1162.8 1066.5
1158.9 1048.25
1161.1 1050.5
1185 1021
1183 1036.25
1196.7 1023.25
1193.6 1004.75
1190.7 1020.5
1197.5 1039
1195.5 1033.75
1197.1 1051
1196.6 1047
1175.2 1016
1218 1017
1199.2 995.75
1208.5 998.25
1207.5 1010.5
1190.1 1036
1194.7 1043.75
1231.5 1049.25
1228.9 1032
1225.1 1042.25
1222 1047.25
1207.2 1039.5
1193.9 1023.5
1194.3 1027
1194.7 1035
1195.9 1030.5
1179.7 1038.25
1177.9 1038.5
1173.5 1028.75
1195.3 1047.5
1181.7 1041.75
1200.2 1037.75
1183.9 1019.25
1186 1002.5
1203.9 1039.75
1219.3 1051
1210.6 1052.75
1208.4 1045
1216 1051.5
1232.7 1013.5
1234.3 1000
1234.4 992.5
1264.7 991
1276.9 991.75
1294.2 982
1293.7 983.5
1300.7 976.75
1292.6 972.75
1279.4 983.5
1291.7 973.75
1285.9 970.25
1254.6 968.25
1278.5 961
1276.2 959.5
1259.7 987
1263.8 972
1262 981.25
1233.9 973.5
1240.8 978.5
1231.6 969
1219 977.75
1220.1 983.75
1226.5 990.5
1208.1 1007.75
1199.7 995.75
1207.1 1007.25
1204.4 999.25
1200.3 999.25
1196.9 1016
1201 1007.75
1209.6 1024
1212.6 1030.75
1207.7 1011.25
1204 1008.75
1200.6 989
1195.9 979.25
1164.1 979.25
1166.4 988.25
1160.1 980
1150.7 989
1152.1 986.5
1152.6 968.25
1153.3 969.25
1148.3 954.5
1151.4 965
1169.1 961.75
1184.8 973.75
1188 983.5
1191.7 981.75
1197.3 978.75
1205.1 974.5
1199.8 967.25
1184.8 967.75
1183.1 973.25
1208.1 989.75
1200.9 986
1218.6 978.5
1210.6 971
1203.1 971.5
1193.6 953.5
1204.6 951.5
1199.3 948.75
1192.8 960.25
1201.5 965
1198 966
1202.9 968.75
1193.5 977.5
1202.9 975.25
1186.9 970.5
1194.4 978.25
1175.2 969.75
1203.3 973
1214 977.5
1209.8 988.5
1182.4 978.5
1174.5 968.5
1186.8 983
1193.2 993.5
1190.3 990.5
1182.4 981.5
1189.1 984.5
1183.2 983
1192.6 967
1218.4 975
1225.4 963
1225.5 953.25
1227.8 954.5
1206.9 946.25
1208.9 941.25
1204.4 938.5
1204.3 924.25
1187.2 922.5
1185.9 927
1188.1 926
1189.4 934
1188.3 926
1194.1 940.75
1184.7 935.25
1174.9 946.5
1167.8 937.75
1173.2 944.25
1177.3 951.5
1186.1 949.5
1179.9 940
1178.8 940
1185.3 937.75
1180.5 957.5
1176.4 969
1201.5 977.75
1201.5 971.5
1183.7 989.5
1176.2 987.5
1172.6 981.75
1171.5 1000.25
1172.9 1002
1178.5 1002.5
1171.5 1056.25
1169 1044
1163 1045.25
1172.9 1033.75
1152.4 1002
1163.3 1006.25
1159 1037.75
1157.7 1043.5
1155.2 1045.25
1153.3 1039
1147.2 1025
1143.8 1019
1131.8 1014.75
1106.7 1007.75
1103.4 1018.75
1091.4 1020.75
1094 1010
1085.6 991.25
1096.5 961.25
1096.3 974.75
1092.7 983
1088.4 990.25
1094.9 980.75
1089.4 977.5
1090.7 976
1085.7 991.75
1090.2 985.5
1094.1 1009
1104.2 1044.75
1107.6 1014
1123.2 951
1115.7 993
1112.9 978.5
1118.6 927
1117.1 913.25
1128.1 903.5
1153 921.5
1159.6 905.25
1153.4 892.75
1138.2 894.25
1124.6 877.75
1122.4 886.25
1133.1 893.25
1131.6 897.5
1138.7 884.75
1132.5 883.75
1123.7 879.75
1120.6 877.25
1120.4 890.75
1102.2 882.75
1109.5 884.5
1103.5 887.75
1107.7 882.75
1102.8 889
1119.2 887.25
1117.3 884.5
1138.1 867.25
1133.1 874.25
1125 861.75
1131.6 863.75
1153.8 868
1146 889.25
1132 876.75
1127.1 884.25
1115.5 892
1114.2 877.25
1137.1 874.25
1138.1 884.25
1146.8 888
1149 891
1144.7 881.25
1156.3 885.75
1164.9 887.5
1165.8 914
1180.1 910.5
1187.9 905.25
1183.6 898.25
1173.3 891
1178 896
1167.6 905.25
1166.6 898.75
1163.3 895.5
1167 885
1166.8 891.25
1177.1 881.5
1147.2 878.75
1141.5 883.75
1135.8 877.75
1114.2 878.5
1106.5 882
1104.4 867.75
1087.6 871.25
1087.9 873.5
1088.2 864.5
1084.7 868.5
1080.8 869.25
1080.8 859
1083.7 859.5
1068.7 864
1068.8 857.75
1078 860
1076.4 857.5
1066.8 864.25
1074.3 863.75
1070.5 875.25
1056.2 873
1065.8 881
1063.8 889.25
1054.2 892.25
1061.7 897.5
1084.5 906
1076.4 882.25
1076.3 876.75
1077.6 876.75
1073.1 878.25
1076.9 870.75
1064.7 874.25
1062.9 867.25
1078 862.5
1050.8 877
1066.2 892.25
1081.9 891.25
1074.8 885.25
1069.4 881.75
1077.2 875.25
1070.5 865
1077.5 870
1060.1 875.5
1060.3 871.25
1075.1 864.5
1078.4 867.75
1091.9 875.75
1107.7 877
1097.8 879.5
1096.5 881
1085.6 890.75
1087.5 899
1073.9 896
1091.5 879
1089.9 883.5
1107.1 874
1099.1 878.5
1097.2 876.5
1106.2 880.5
1121.7 876.5
1116.1 883
1115.6 867.75
1116.4 882.25
1127.9 880.75
1127.3 886.25
1141.3 876.75
1157.6 874.5
1157.8 867.5
1197.9 862.5
1198.7 863.25
1194.7 862.25
1247.9 873.5
1239.1 872.75
1207.9 879.75
1211.1 882.5
1226.1 879.75
1230.4 878.25
1209.5 881
1222.3 869.25
1238.7 867.5
1238.2 859
1219.8 855
1233.9 853
1230.3 850.75
1241.1 854.25
1257.4 856.25
1269.9 870.5
1263.2 873.5
1262.1 877.5
1256.6 880
1272 881.75
1258.7 888
1244.4 888
1230.4 892
1229.3 894.5
1264.5 897.75
1253.8 897.5
1243.8 902
1248.2 910.25
1223.7 905.25
1221.4 910.5
1219.9 909
1235.6 916
1226.9 909
1234.2 910.75
1222.2 918.25
1218 913.5
1228.4 904.75
1222.5 908
1236.2 904.5
1242.5 916.75
1256.7 928.25
1259.4 936.25
1246.8 955.75
1225 948
1233.1 956
1233.6 954.25
1253 985.5
1253.2 1009.75
1249 1018.75
1228.7 987
1238.9 999.75
1242.2 1017.75
1249.2 1019
1265.5 1018
1289.2 1021
1294.7 1035.5
1290.7 1021.5
1273.3 1024.5
1271.4 1003.5
1292.9 1026.25
1265.6 1018.75
1263.9 1076
1274.6 1069.75
1270.3 1064.5
1271.9 1055
1273.4 1064.5
1276.2 1080.25
1273.7 1075.25
1254.2 1071.5
1252.4 1074.25
1251.1 1058.5
1228.9 1054.75
1223.5 1085.5
1220.1 1079.75
1214.8 1078.5
1211.9 1099.75
1209.8 1144.25
1240.1 1132
1244.6 1138.25
1244.4 1141.25
1259.8 1177.75
1270.2 1176
1273.4 1178.25
1284.4 1169
1285.6 1169.5
1285.8 1156
1296.1 1134.5
1292.5 1159.5
1290 1143.5
1270.5 1133.25
1268 1137.5
1261.2 1124.5
1320 1103
1322.5 1133
1315.3 1150.5
1323.9 1144.5
1318.4 1175
1336.7 1168.75
1356.4 1117
1364.9 1106.25
1360.1 1054.25
1356.6 1089.75
1355 1082.75
1334.1 1107.25
1342.4 1128
1331.3 1111.5
1326.5 1072.5
1328.4 1078.25
1331.5 1044
1318.8 1027
1330.5 1032.5
1323.1 1006.5
1319.3 983.75
1320.7 993.5
1326.6 1010.5
1332.3 1003.5
1349 1032.5
1351.4 996
1364.4 985.25
1356.1 990.5
1358.8 990.5
1336.4 1003.75
1333.4 1018.75
1339 1022
1344.3 1017
1342.5 1022.25
1335.8 1003.25
1340.3 1023.75
1350.5 1019.5
1342.7 1030.5
1351.2 1032.25
1340.4 1027
1337.7 1035.25
1340.6 1034.25
1324.4 1030.75
1320.1 998.25
1321.5 990.75
1322.9 983.25
1311.7 965.5
1306.9 960
1312.2 959
1322.1 968.5
1349.4 974.25
1344.3 991.75
1336.8 992
1330.1 997.25
1321 984.5
1319 968.25
1321.5 972
1313.5 950.5
1305.8 966
1313.5 972.5
1313.7 989.75
1326.9 975.5
1340.4 976.5
1337.2 955
1339.7 945.25
1325.9 952.5
1319.4 945.5
1321.7 950.25
1313.3 954
1309 973
1266.3 963.5
1265.2 956.75
1249.8 958.5
1248.9 956.75
1253 954.25
1251.1 945.5
1255 956.25
1253.1 962.5
1254.4 978.25
1260.8 972.5
1267.9 981.5
1265.6 975.5
1265.9 983
1262 992
1271.9 990.75
1264.8 1010
1267.9 1014.25
1275.5 1001.25
1271.5 1002.25
1286.4 984.25
1306.8 976.75
1302.1 979.75
1303.3 981.5
1278.3 989.25
1273.4 1001.75
1272.6 982
1265.5 989
1221.2 971
1224 989.5
1223.4 985.75
1216.5 989.5
1208.5 993.75
1209.6 1020.25
1211 1030
1189.1 1034.25
1178.2 1046
1190.6 1056
1187.9 1042.5
1170.8 1032.25
1166.9 1029.75
1175.1 1027.5
1174 1043.5
1167.6 1047.75
1175 1049
1169.8 1027
1159.4 1037.5
1163.5 1031
1156.7 1028
1161.3 1023.75
1127.8 1029
1135.3 1036.75
1140.5 1021.5
1131.5 1005.25
1131.1 1006.75
1128.8 994.5
1131.9 989
1137.3 1014.75
1139.4 1006.75
1156.4 1003.25
1150 996.5
1160.4 986.75
1163.8 1006.25
1179.7 1003.5
1171.9 986
1183.5 996.5
1184.2 1005.5
1195.6 1003
1198.9 1032
1195.3 1042.5
1212 1069.25
1211.3 1075
1200.9 1070.25
1204.3 1067.5
1215 1057.75
1210.3 1058.5
1197.3 1055.25
1189.5 1049.5
1188.1 1049.25
1193.2 1022.75
1208.6 1024.5
1205.6 1036.75
1216.7 1037.25
1218.5 1027
1230 1036
1234.2 1042.75
1237.6 1058.75
1235.1 1050.5
1234.4 1059
1224.4 1054.25
1223.9 1045
1231.7 1061.25
1240 1043.75
1237.6 1032.5
1237.5 1026.25
1232 1022.75
1250.2 1011.5
1256.9 1013.5
1257.4 1011
1252.6 1025
1248.9 1041.25
1231.9 1026.75
1225.5 1027
1224.5 1026.75
1215.1 1014.75
1208.5 1011
1202.4 1000.25
1200.7 996.25
1202.4 996.25
1201.9 987.25
1200.1 998
1226.5 1001.5
1229.8 1000
1233.6 999.5
1246.1 1001.5
1249.3 999.75
1246.9 991
1248.2 975.75
1255.4 971.5
1255.3 972
1253.4 969
1245 963
1247.3 946
1250.8 938.25
1255 937.75
1245.4 944.25
1250.3 941.5
1254.3 942
1251.1 941.75
1271.2 939.25
1275.3 947.75
1285.9 955.5
1289.4 953.25
1291.7 946
1281.4 950.25
1281.9 946.75
1287.4 951
1275.8 961.25
1265.6 954.5
1262.1 945.75
1263.7 945.75
1266.1 945.25
1253.3 959
1255.1 958
1246.4 965.5
1226.5 965.25
1224.8 963
1225.3 956.25
1214.3 965.25
1217.3 961.75
1222.7 956
1226.2 954
1228.6 965.25
1235 976.25
1257.5 975.75
1251.7 944.75
1252.7 953
1260.7 956.5
1254.8 948.25
1252.4 948.25
1255.8 939.5
1267.6 926.5
1262.1 912.75
1272 916
1267 912.25
1276.8 921.25
1279.3 922
1294.4 923.5
1290.1 930.75
1276.3 938
1268.5 941.5
1266.1 931.25
1265.8 932.5
1272.8 931.75
1252.2 934.75
1254 939
1244.2 937.75
1241 927.75
1243.4 918.75
1247.6 904
1256.2 904.5
1246.3 906.75
1246.4 911.25
1248 914
1244.2 915.5
1240.7 942.25
1217.9 964.75
1220.4 976.25
1222.2 980.75
1208.6 996
1212.1 1020.25
1213.6 1025.25
1218.1 1016.75
1216.3 972.5
1226.6 985.25
1232.8 985
1241.1 989.5
1241.2 999.75
1244.8 1013.25
1254.3 1009
1253.9 997.5
1251.7 981.5
1249 988.75
1259.6 994.75
1268.4 1000.75
1266.6 994.5
1272.6 959.5
1271.8 966.5
1267.8 950.5
1258.3 949.25
1258.2 959.75
1256.4 963
1273 963
1283.7 930.75
1287.7 935.5
1284.2 925.5
1273.7 921.75
1276.9 921.75
1286.4 930.25
1285.7 937.5
1290.8 932.5
1285.1 933.75
1288.9 935
1286.5 941.25
1292.5 939
1309.7 935.25
1313.1 930.75
1308.1 923
1316.2 936.25
1324.5 942
1339.2 960.5
1333.9 964.5
1345.1 963.25
1346 956.5
1331 954.75
1328 944.25
1323.4 953
1324.7 967.25
1320.4 968.75
1306.3 967.75
1306.2 965.5
1312 970
1290.6 970.75
1293.3 984.25
1306.8 971.25
1297 963.5
1283.4 965.5
1285.5 959.5
1281.5 968.25
1272.7 957.25
1271.5 955.25
1273.7 958.25
1269.9 968.25
1271.6 972.25
1281.8 966.75
1290.6 966
1285.8 965.25
1293.3 992
1301.5 1000.25
1299.9 991
1283 984.75
1279.9 984.25
1286.9 986.5
1277.4 978.75
1277.7 980.75
1275 975.5
1275.4 975.5
1266.3 971.25
1268.5 975.25
1274.1 972.75
1267 973.75
1274.1 981
1274.9 989
1266.5 977
1279.4 984
1273.7 986
1281.6 988
1285.6 975.25
1272.4 977.25
1277.3 963.5
1281.5 959
1276.5 976.25
1277.4 972
1295.8 990.5
1274.6 990
1281.1 989
1291.6 997.25
1286.7 993.25
1293.8 996
1294.7 993
1282.1 992.5
1273.2 985.75
1278.8 994.25
1274.3 998.5
1261.6 1008.5
1262.8 1002.75
1249.8 992
1245.2 989.75
1243.7 982.5
1238.5 975.75
1245.4 979.25
1253.8 967.75
1254.3 967.25
1262.2 961.5
1260.7 956
1266.1 954
1267.3 948.75
1275.4 949.5
1284.1 959.25
1287 955.5
1294.1 945.75
1306.3 951.75
1313.7 955
1316.2 959.75
1319.4 959.25
1320.3 961.5
1318.6 958.25
1311.7 955.75
1317.4 947
1320.6 940.5
1333.4 944
1335.4 968
1338 968.75
1326 973
1331.9 977.25
1330.9 984.25
1335.7 986.25
1355.9 992.25
1362.4 992.25
1351.6 985.5
1335.4 1000.25
1339 995.75
1344.3 985
1333.7 978.75
1333 969.75
1326.1 986.25
1311.6 983
1316.9 987.75
1313.1 983
1324.2 1001.75
1328.1 1011.75
1355.5 1017.25
1352.1 1024.25
1353.2 1021.5
1328.8 1026.5
1330 1034.25
1330.6 1032
1328.2 1036.25
1330.7 1034.25
1315.5 1038
1315.5 1045
1302.9 1057.5
1321.1 1060.75
1318.1 1066.75
1333.6 1064.5
1326 1055
1319.9 1053.75
1322.4 1029.25
1319.4 1033.25
1325.9 1040.5
1324.4 1028.5
1316.8 1040.75
1311.3 1049.5
1316.8 1022.5
1311.1 1028.25
1320.7 1029.75
1326.6 1029.75
1349.3 1028.25
1354.4 1025.5
1341.3 1019.5
1324.2 1018
1322.8 1044.75
1342.1 1035.5
1332.8 1038
1335.8 1015.25
1324.3 1031.25
1331.9 1033.75
1336.3 1047
1342 1050
1356.5 1047.75
1338.4 1060.75
1344.8 1054.25
1347.5 1042
1347.2 1046
1351.2 1041.75
1346.8 1037.25
1336.7 1028.75
1322.5 1020.75
1331.4 1022.25
1321.2 1027.5
1316.3 1028
1320.3 1045
1316.2 1037.75
1303.8 1042.5
1302.6 1032.75
1310.7 1043.25
1312.7 1027.25
1312.2 1002.25
1312 1011.25
1311.3 1007.25
1320.8 1013.25
1319 994.75
1316.5 1013
1288.9 1018.75
1290.2 999.75
1288.2 995
1290.2 998.5
1290.2 1025.25
1291.7 1030.5
1289.3 1039.25
1303.7 1035.75
1303.3 1041.5
1298.7 1030.5
1301.5 1023
1300.1 1018.5
1294.8 1021.25
1293.1 1001.75
1297.5 1001.25
1297.1 994.25
1298.7 974.25
1298.1 969.25
1298.9 953.75
1295.1 954
1296.9 936
1304 927.25
1274.6 905.5
1276.2 908.5
1275.6 889
1271.2 889.5
1267.2 880.5
1267.4 894.5
1265.6 874.5
1256.6 867.25
1252.8 867.5
1247.8 861.25
1251.3 858.5
1239.8 848.5
1251.6 844
1257.3 835.5
1254.3 874
1258.1 851.75
1253.8 852.25
1242.8 829.75
1245 830
1239.6 814
1238.1 829.5
1225.7 839.5
1226.3 842.25
1222.4 846
1229.5 849.75
1224 847.75
1223.9 858
1231.4 860.75
1225.3 861.25
1222.6 870.5
1221.3 875
1223.7 903.75
1217.9 886.75
1210.6 882.5
1214.2 886.25
1208.6 877.25
1209.6 889.25
1212.6 893.75
1211.9 887.75
1211.1 846
1191.3 853.5
1193 864.5
1177.5 857.5
1176.2 885.5
1176.5 881.5
1186.8 881.75
1192.6 874.5
1196.3 858.25
1187 842
1206.3 842
1209 834.75
1207.4 820.5
1204.5 823.25
1197.7 819.5
1200.3 833
1192.7 832
1194.9 825.5
1197.9 826.75
1193.6 832
1193 833.5
1195.4 820.25
1204.7 829
1202 822.75
1195 821.5
1199.7 823.5
1196.8 814
1202.2 830
1206.2 850.25
1196.2 847.25
1199.3 841
1200 845.75
1194 850
1182.3 855
1191.5 845.5
1187.1 857.75
1202.4 866
1198.3 861.5
1197.2 859.25
1201.2 869
1184.4 869.75
1187.2 863
1189.3 852.25
1223.5 858.25
1218.1 867.5
1226.4 891.5
1227.3 884.75
1223.7 885.75
1226.5 863.5
1225.3 856.75
1221.2 858.5
1233.4 857.5
1227.8 850.25
1229.1 841.75
1232.5 845
1224.5 839
1222.6 833.5
1212.3 839
1236 869
1230.9 875.25
1229.8 873
1223.8 872
1226.2 867.75
1222.9 867.5
1206.4 875.25
1201.3 871.75
1199.2 867.25
1207.9 870.5
1212.8 888.75
1220.8 892.25
1223.1 873.75
1219 881
1225.8 883
1221 881
1220.2 862.25
1211.2 875.5
1221.4 890.5
1224.1 887.25
1220.2 894.75
1233.9 905.75
1241.1 911.75
1238.1 909.5
1246.8 916.75
1243.7 909.75
1241.9 915
1244.4 920
1242.7 907
1237 900.5
1252.1 900
1263.6 893.5
1253.8 884.75
1267.5 884
1269.2 870
1277.3 869
1279.9 882.75
1278.3 882.5
1281 894.75
1291.8 900.25
1282.7 909.5
1286.8 912.25
1283.2 906.25
1289.3 911.5
1284.7 895.5
1287.1 899.25
1289.1 890.75
1286.2 893.25
1291.6 894.5
1291 907.75
1281.3 916.75
1282.5 909.25
1283.1 915
1279.1 916
1297.4 925.25
1302.4 923.25
1308.2 919
1309.9 921
1319.7 915.25
1316.9 917.75
1314.3 918.5
1314.2 920.25
1309.5 921.75
1309.4 913.25
1313.7 914.5
1307 905
1309.2 917.5
1310.8 916.5
1309.8 903.5
1318.1 907.5
1340.1 900.75
1343.3 902.5
1323.5 911
1329.2 910.25
1325.9 911.75
1325.1 903.75
1317.7 903.5
1312.8 897.5
1296.4 899.25
1284.8 903.25
1282 901.25
1284.9 889.75
1283.8 890.75
1297 883.75
1288.8 877.75
1296.3 884.75
1307.5 889
1293.4 889.5
1301.8 909.25
1300.3 905.75
1305 904
1300.5 906
1306.1 910.5
1311.6 903.75
1321.9 906.5
1314.3 900.75
1309.9 887.5
1289.8 889.5
1293 884.25
1288.4 895.5
1290 900
1289.9 898.75
1289 906.5
1290.4 899
1297.1 898.75
1303.5 898.75
1309.1 902
1288.6 895.25
1290.6 895.25
1286.8 898.75
1272.6 888
1272.2 879
1271.9 880.5
1273.5 877
1269.3 862
1275.5 855.25
1275.8 859.25
1284.9 853.75
1278.6 847.5
1282.8 841.25
1281.4 839.5
1269.7 830.5
1279.2 829.5
1281.7 817.5
1283.5 817.75
1279.4 814.25
1283.5 800.25
1285.7 797
1300.1 791
1294.7 817.75
1296.3 835.5
1285 839.75
1274.5 821.75
1276.1 831.75
1272 822
1273.6 828.5
1284.8 821.5
1283 829.75
1276.5 856
1280.6 872
1287.1 889
1305.8 877.75
1322.7 879
1323.4 881.75
1328.3 869.75
1337.6 868.75
1341.2 856.25
1324.7 858.5
1326.4 859.25
1331.9 878
1339.2 888
1340.1 896.75
1338.7 912.75
1346.6 913.5
1344.6 903.25
1392.9 915.5
1396.2 902.75
1414.3 909
1414.9 903.5
1411.6 894.25
1408.4 887.75
1409.7 899.75
1385.6 885.5
1404.6 876.25
1417.7 885.25
1396.7 872.25
1397 875.25
1397.5 882.75
1410.1 893
1404.3 896.25
1409.9 906.75
1411.4 901.75
1409.2 887.75
1421.3 882.5
1426.1 881.25
1425.1 901.5
1425.3 888.25
1420.1 885.75
1422.8 891
1413.9 882.5
1418.5 883.25
1419.6 885.75
1429.7 878.75
1426.1 864
1420.9 847
1445.6 850.25
1464.6 850.25
1472.4 847.75
1507.3 848.75
1497.7 865
1496.6 873.75
1505.3 861.5
1502.2 872
1515.9 861
1519.6 858
1512.5 867.25
1500.4 854
1504.6 855.75
1504.6 860.5
1497.3 856
1526.6 843.25
1526.3 853.75
1541 846.25
1537.8 852.75
1526.5 856.25
1519.1 857
1545.9 856.5
1550.3 862.5
1515.4 849.75
1506.2 845
1502.2 845
1490.3 859.25
1494.4 854
1498.7 883
1490.9 884.75
1503.1 900
1505.1 893.75
1507.5 888.75
1498.4 893
1507.3 882.75
1523.7 892.5
1532.1 894.25
1504.6 889.25
1507.5 888.5
1499.1 883
1465.7 906
1482 919.5
1501 913.75
1507.1 911.75
1506.2 916.25
1497.7 915.25
1497.2 920.5
1506.1 923.75
1494.8 923.5
1482.7 936
1491.7 940.5
1477.6 934
1488 928
1492.3 931.5
1488.2 934
1482.4 933.25
1481.7 934
1489.9 933.75
1498.9 933.25
1499.5 920.25
1490 920.75
1487 918.25
1493.2 916
1511.4 916.75
1508 924.25
1508 925.75
1480.8 921.75
1490.2 915
1464.2 925
1461.3 919.5
1455.5 905
1452.1 905.75
1461.7 902.5
1471.8 900.25
1467.3 918.25
1470.9 910.25
1473.3 911.5
1473.3 905
1463.1 901
1463.1 897
1456.6 892.5
1459.8 884.25
1453.4 882
1465.6 876.75
1462.3 870.5
1478.2 871
1474 878
1476.9 884.25
1459.1 889.5
1459.3 897.25
1462.6 901.25
1469.4 893.5
1466.7 898.25
1475.6 907.5
1475 922
1474.6 928.75
1472.6 928.5
1478.2 924.5
1474.7 928.25
1482.5 934
1499.1 936.5
1509.3 937.75
1513.8 929.5
1514.5 939.5
1519.5 943
1524.5 944.25
1549.2 930.5
1566.2 932.75
1571.8 935
1557.4 938.25
1551.7 933.75
1557.5 935
1548.4 929.25
1542.4 928.5
1552.1 928.75
1549 924
1558.8 929.75
1556.4 916
1555.3 913.75
1564.6 909.5
1571.1 902
1576.8 897.25
1569.2 895
1569.8 893
1583.5 876.25
1582.9 872.5
1577.2 877
1550.4 879.5
1557.8 880
1565.1 881
1568.6 882
1574.7 884.25
1565.6 884.75
1567.4 892.5
1575.1 896.25
1582.7 893.75
1600 892.25
1607.5 897.25
1616.6 892.75
1644.6 890.5
1672.4 874.25
1646.9 879
1640 881
1640 886.25
1564.1 883.5
1592.3 890.5
1642.1 893
1641.1 898.75
1666.4 889
1670.8 883.25
1674.5 863.5
1659.1 873
1641.4 867.75
1589.3 855
1515.7 846.75
1485.9 821.75
1524.9 824.25
1477.3 825.5
1478.6 843.25
1484 862.5
1567 884
1660.2 886.75
1632.3 881.5
1650.1 880.25
1623.9 881.5
1622 882.25
1583.4 886
1578.2 862.75
1625.7 858.75
1633.7 854.25
1677 855.5
1664.8 854.75
1665.4 854.5
1736.2 863.5
1744.8 854.25
1756.7 847
1727.2 842
1720.4 836.75
1689.2 832.5
1701.6 826.5
1678.2 830.75
1728.7 834.75
1733.3 839.25
1723.5 832.25
1711.9 829
1710.5 826
1703.4 831.75
1684.2 850.25
1694.5 847.25
1706.9 834
1704.4 838.25
1684.2 830.5
1721.8 841.5
1709.9 848.75
1695.3 852.25
1704.4 849.25
1713.9 836
1738.1 835.25
1753.4 838.5
1731.8 845
1744.2 842.5
1750.6 846.75
1720.5 835
1734.6 833.25
1704.8 847
1710.3 848.5
1713.3 847
1736.9 840.75
1737.8 840.5
1725.2 850.5
1697.8 857.5
1718.9 867.75
1676.2 867.75
1698.3 864.75
1714.7 863.25
1713.3 865.5
1732 866
1729.3 871.25
1720.3 869
1729.6 867
1729.2 871.25
1724.8 873
1745.9 876.5
1756.7 876.25
1772.1 875
1765.8 870.75
1762.1 869.25
1772.5 865
1774.8 866.5
1793 884.25
1773.2 893.75
1784 892.5
1788.5 898.5
1804.2 895.25
1815.5 894.75
1799.2 898.25
1798.2 891.5
1811 876.5
1810.6 882.25
1811.4 886.25
1798.7 893.5
1808.3 898
1815.9 903
1842.4 896.5
1864.1 899.25
1889.1 906.25
1897.3 904.75
1931 906.5
1944.7 896.75
1953.5 891.5
1942.3 891.75
1962.8 897.5
1966 897.5
2001.2 883.75
2031.1 882
2051.5 880.75
2010.1 870.25
2024.4 876.5
1932.6 878
1934.9 890.5
1956.7 907.25
1937 903.5
1985 912.5
1999.4 912
1958.7 912.5
1933.8 903
1934.6 900.75
1927.7 899.75
1911.8 913.75
1940.7 919.5
1921.6 937.25
1964.6 950.5
1967.6 951.25
1968.2 955
1934.4 962.5
1927.6 968.75
1923.9 969.5
1933 973
1944.7 979.75
1954.2 985
1937.8 1005.5
1953.1 1019.25
1956.3 991.5
1960.2 1011.25
1940 1028.5
1952.1 1043.5
1901.2 1022.5
1898.6 1019.75
1859.9 1014.5
1868.3 1000
1857.7 1002.5
1872.8 996.25
1894.3 993
1887.5 1023.5
1908.4 1023.5
1900.2 1020.75
1912.5 1021.5
1901.1 1044
1883.6 1051
1888.6 1050
1919.5 1065.5
1922.5 1033.75
1888.5 1044
1901.3 1056.25
1903.2 1062.25
1900.8 1050
1906.4 1054.25
1910.4 1064
1924.6 1072
1901.1 1073.75
1902 1083.75
1902.7 1087.75
1908.8 1082.25
1876.2 1057.25
1865.6 1051.75
1877.4 1056.5
1890.4 1050.75
1908.5 1059
1894.6 1079
1945.3 1101.75
1950.3 1098.5
1853.2 1105
1875.4 1138.25
1860.7 1143.25
1872.6 1137
1885.7 1141.5
1887.3 1153.5
1884.5 1169.75
1873.5 1175.75
1861.1 1177.5
1872.6 1181
1837.8 1191.5
1804.8 1191.25
1805.7 1184
1781.9 1191.75
1775.7 1168.5
1814.1 1162
1825.7 1153
1836.8 1168.25
1835.9 1163
1861.8 1158.5
1870.8 1145.75
1834.6 1158.5
1833.6 1152.75
1839.8 1160.5
1828.7 1169.5
1852.3 1184.25
1856.1 1183.75
1887.2 1201.25
1885.7 1220
1879.2 1243.25
1866.6 1247.25
1874.7 1258.75
1879.9 1263.5
1877.2 1255.25
1879.7 1295.5
1891 1303.75
1893.1 1315.25
1944.7 1316.5
1952.7 1350
1906.9 1365.25
1912.3 1360.5
1834.1 1375.75
1849.6 1374.5
1842.9 1422
1853.6 1411
1850.3 1436.5
1829.3 1416.75
1839.5 1385.75
1865.9 1369.5
1865.3 1370.25
1855.7 1311.75
1854.9 1343.5
1850.7 1370.25
1844.9 1374.75
1837.9 1353.25
1847.3 1370
1860.8 1365.25
1830.5 1354.75
1832.2 1371.25
1788.9 1372.5
1810.9 1366.75
1831.9 1387.75
1835.3 1401.75
1840.6 1354
1824.9 1367.5
1821.6 1372
1797.2 1384.75
1771.1 1383.75
1773.4 1375
1775.8 1377.25
1806.7 1383.75
1804.4 1406
1796.4 1423.75
1774.4 1406
1728.1 1405.25
1722.5 1392.5
1733.1 1414
1715.3 1410.75
1700.2 1415.25
1698 1434.25
1677.7 1437.75
1716.6 1441.25
1721.5 1411.5
1722.3 1415.5
1719.5 1415.75
1728.9 1419.5
1730.6 1423.25
1726.8 1417.75
1732.2 1392.25
1741.4 1416.25
1737.8 1417.5
1724.7 1423.25
1732.9 1432.75
1724.9 1414.25
1732.2 1400.5
1712.1 1393
1683.9 1366.75
1713.8 1436.75
1726.5 1402
1727 1412.75
1741.5 1418.75
1740.1 1408.75
1756.8 1415.25
1743.3 1403
1731.2 1382
1746.2 1389.5
1734.9 1410
1765.4 1418.25
1779 1433.25
1769.4 1449.75
1777.3 1472
1792.3 1497.25
1781.2 1533.25
1777 1539.75
1779.2 1569
1778 1549.75
1773.2 1557.75
1768.1 1542.5
1767.3 1571
1791.4 1560.25
1775.8 1577
1784.1 1582
1815.5 1605.5
1831.1 1621
1837.5 1620
1835.9 1637.5
1822.6 1660.5
1823.8 1612.25
1837.9 1603.75
1867.5 1587.5
1867.8 1574.25
1881.3 1538.25
1881.8 1533.25
1876.7 1526.25
1884.6 1522.75
1898.1 1511.75
1901.3 1503.5
1895.7 1537
1902.5 1530.5
1902.9 1548.5
1907.5 1562.5
1871.2 1549.25
1889.8 1583.75
1896.8 1560.25
1892.2 1580
1893.2 1562.5
1894.2 1544
1877.4 1508.5
1864 1472.25
1854.5 1465.75
1859.5 1448.5
1773.8 1329.75
1767.9 1396
1781.8 1415
1776.3 1394.5
1782.3 1385
1775.6 1371.25
1776.6 1329.75
1779.6 1357
1762.8 1359.75
1770.8 1450
1775.9 1446.75
1782.6 1451.75
1793.5 1363.75
1801.5 1386.5
1799.6 1390.25
1810 1404
1805.5 1432.5
1809.4 1438
1824.3 1467.75
1828.4 1447.5
1814.5 1454.75
1808.7 1428
1810.9 1443.5
1802.9 1439.25
1805 1416.25
1801.4 1401
1798.7 1412.75
1799.5 1418.25
1799.5 1432
1831.2 1434.25
1812.6 1414.75
1818.1 1418.75
1810.1 1392.25
1810.5 1403.5
1805.1 1402.5
1760 1422.25
1723.4 1433.75
1728.8 1447.5
1750.4 1405.5
1749 1401.5
1775.2 1424.25
1786.9 1376
1785 1369
1781.6 1358.25
1780.2 1323
1781 1293.75
1803.2 1294
1805.6 1337
1788.2 1346
1792.2 1367.5
1816.6 1359.25
1809 1304.75
1815 1298.75
1813.1 1277.75
1808.7 1279.25
1830.9 1283
1795.9 1268.75
1790.7 1270.75
1797.4 1258.75
1789.6 1275.25
1792 1272.5
1804.7 1276.5
1792.4 1294.5
1754.6 1296
1749.4 1284
1761.8 1262.5
1776 1274
1776.7 1282.75
1747.7 1284.25
1749.7 1285
1750 1287.5
1735.8 1277
1721.5 1283.75
1755.3 1256
1757 1246.5
1766.2 1235.75
1759.6 1250.5
1760.5 1242
1757.9 1247.25
1756.3 1243
1754.6 1228.25
1758.3 1198.25
1793.7 1195.25
1796.7 1206.25
1767.2 1217.75
1764.8 1221.5
1769.7 1228
1784.1 1245.5
1781.2 1224
1795.5 1220.5
1806 1237.25
1792.7 1238
1797.9 1239.25
1801.6 1233.75
1783 1235.75
1795.1 1236.75
1788.7 1244
1763.6 1231.5
1793 1209.25
1816.4 1192.25
1827.4 1178
1830.2 1199.5
1847.6 1203.5
1863.2 1212.25
1867.9 1234
1866.1 1257.25
1853.6 1251.25
1869.7 1277
1861 1265.25
1851.2 1263.25
1806 1274.25
1783.5 1273
1784.1 1266.5
1785.3 1252.75
1782.3 1241.5
1773.6 1217.25
1781.6 1228.25
1760.7 1244.25
1782 1267.25
1777.5 1261.5
1782.6 1250.25
1783.4 1261
1774.6 1264.5
1782.9 1267.75
1786.3 1244
1770.4 1259.5
1762.6 1262.5
1796.6 1277.25
1803.8 1285.25
1793.7 1292.25
1787.9 1308
1801.6 1328.75
1811.2 1332
1808.1 1362.5
1810.2 1359.25
1805.1 1356.5
1812.7 1327.75
1827.5 1328.75
1799.4 1344
1814 1378.75
1824.6 1384.25
1788.7 1377.25
1797 1401.5
1798.4 1374.75
1818.6 1376.75
1827.2 1391.25
1821.2 1365.25
1816.5 1356.75
1812.3 1361.25
1843.1 1391.25
1842.5 1425.75
1831.8 1414.25
1841.7 1403
1852.7 1407.25
1829.9 1440
1793.3 1448.25
1784.9 1470
1795 1490.5
1800.3 1528.5
1809.2 1545.25
1803 1544.25
1806.6 1553.5
1820.6 1581.75
1826.6 1569
1835.2 1594.75
1836.2 1574.25
1840.8 1583
1868 1570
1854.8 1551.25
1870.2 1587.5
1900.7 1592
1898.6 1601.5
1906.1 1635
1909.2 1675
1925.1 1661.5
1886.5 1590.25
1899.4 1644.25
1942.4 1705.5
1920.9 1677.5
1934.4 1680.25
1965.1 1676.25
1993.9 1674.25
2040.1 1704.5
1985.9 1686.5
1998.1 1700
1982.7 1690.75
1959.6 1687.25
1928.5 1658.75
1908 1649.25
1942.1 1668.5
1928.2 1668
1928.6 1691
1920.7 1696.5
1936.6 1718.75
1961.6 1700.75
1953.8 1710.25
1939.6 1664.25
1912 1643
1933.5 1664
1949.2 1618.25
1919.1 1582.75
1929.2 1602.25
1922.9 1631
1918.4 1619.5
1933.8 1645.5
1941.6 1689
1944.3 1655.25
1972.1 1670.25
1981 1676
1970.9 1682.25
1982.9 1714.75
1955.7 1716.5
1952.3 1746.75
1944.9 1748.25
1931 1716
1893.2 1703.5
1901.4 1705.25
1885.9 1726.5
1888.7 1706.5
1909.3 1708.25
1861.8 1674
1868.8 1659
1867 1669.75
1874 1678.5
1881.2 1655.5
1857.1 1621
1839.9 1630
1852.6 1650.25
1823.8 1660.25
1807.4 1723.25
1813.5 1656.5
1818.2 1678
1815.9 1662.75
1841.2 1690.5
1841.8 1705.25
1847.8 1687
1865.1 1693
1846.2 1681
1847.4 1726.5
1851.3 1732.25
1842.7 1683.25
1843.3 1690.25
1866.5 1729.25
1845.4 1697.75
1839.2 1699.25
1847.5 1728.25
1851.9 1740
1848.8 1769
1871.5 1745.5
1828 1707.5
1809.5 1698.5
1815.3 1693.75
1845.7 1709.5
1835.6 1702
1834.6 1681
1834.3 1652.75
1825.7 1593.25
1826.5 1610.75
1820.9 1630.5
1817.5 1663.75
1813.7 1674.25
1804.1 1675
1798.9 1626
1761.8 1575.25
1734.9 1580.25
1737.9 1591.25
1740.6 1630.25
1730 1641
1723.3 1592.75
1734.2 1588.25
1704.5 1610
1702.4 1466
1709.2 1497.25
1710 1477.25
1699.5 1449
1712.7 1418.5
1727.1 1434.5
1719 1473
1717.7 1532.75
1719.1 1578.75
1750.3 1609.25
1762.9 1637
1769 1594.25
1771.1 1569.25
1758 1558
1788.5 1615
1772.9 1614.75
1786.8 1619.5
1794 1693.25
1795.6 1688.75
1789.7 1709.5
1798.6 1669.25
1781.4 1494
1773.2 1454.25
1760.3 1475.25
1755.3 1495.5
1747.6 1488.75
1734 1527
1746.8 1566.75
1747.8 1560.75
1757.7 1552.5
1736.1 1605.25
1736.6 1534.75
1723.2 1513
1712.8 1507.5
1696.6 1472.75
1709.8 1510.5
1700.4 1490
1715.3 1466.75
1708 1470.5
1716.2 1489.25
1728.1 1549.75
1705 1534.25
1696.5 1503.75
1665.4 1451.5
1671.7 1448.5
1666.2 1461.25
1659.7 1478.75
1664.6 1461.25
1670.8 1457
1645.3 1425.75
1623.3 1411.25
1626.7 1408
1660.4 1408.75
1658.5 1410.75
1662.4 1364.75
1692.9 1374
1721.1 1383.5
1711.4 1369.75
1711.7 1358
1700.5 1367
1667.3 1374
1678.7 1376.25
1670.3 1396
1670 1395.75
1641.7 1383.75
1657 1385.25
1649 1372
1627.5 1372.5
1630.8 1391.5
1651 1395.5
1648.7 1372
1652.8 1382
1664 1381.75
1660.7 1382.25
1639.6 1387.75
1635.9 1407
1645 1435.75
1645.7 1440
1627.3 1426.75
1672.5 1451.5
1676.5 1440
1712.1 1444
1710.1 1459.75
1750.3 1430.5
1766 1455.5
1773.6 1441.75
1773.8 1457.25
1773 1429.25
1760.8 1417
1751.9 1428.25
1737.4 1436.75
1738.3 1429.75
1744.9 1436
1753.3 1436.25
1740.1 1457.25
1748.4 1459.5
1746 1469.5
1801.1 1429.75
1795.9 1438.5
1767.4 1437.75
1769.3 1455
1785.5 1472
1788.7 1486.25
1798.1 1483.75
1780.5 1460.5
1813.9 1479.75
1807.5 1482.25
1777.2 1473.5
1790 1480
1787.7 1460.75
1815.9 1478.5
1815.9 1481
1787 1467.75
1795.9 1479
1814.8 1482.25
1807.9 1506.5
1819.5 1508.75
1819.7 1519.25
1839.7 1487.25
1852.8 1478.25
1834.8 1466.75
1864.2 1501.5
1872.7 1503.5
1871.6 1510
1874.6 1515
1895.5 1529.5
1918.4 1538.25
1907.2 1539.75
1904.4 1524.5
1922.1 1514.75
1926.4 1506.5
1927.1 1490.25
1933.9 1488.5
1941.2 1502.5
1929.1 1523.5
1928.6 1509.5
1922.9 1535.25
1929.5 1538
1927.8 1520.25
1916.3 1534.25
1862.9 1532
1866.2 1521.25
1871.7 1515.25
1877.4 1519.75
1866.2 1519.25
1862.8 1542.5
1851.9 1542.75
1854 1537.5
1834.2 1525.75
1842 1526.5
1840.4 1527.25
1833 1548.75
1832 1539.5
1818 1534.25
1808.8 1529
1817 1518.25
1828.9 1490.5
1837.7 1504.25
1833.5 1519.75
1847.7 1530.5
1847.9 1541
1813.9 1525.25
1812.7 1526.75
1829.3 1520
1862 1513
1911.7 1500
1906.2 1499.75
1926.6 1489.25
1919 1491.5
1969.8 1476.5
1979.2 1486
1938 1467
1946.8 1448.5
1993.8 1419.5
1982.1 1428.25
1952.4 1442.25
1972.4 1467.75
1966.1 1477.25
1980.3 1474.5
1969 1505.5
1983.9 1522
2022.2 1517.5
2020.9 1511
2011.9 1492.5
1989.1 1487.25
2004.8 1497.25
2010.9 1504.25
2041.3 1501
2002.2 1500.5
1994.2 1517
2007.4 1519.25
1995.2 1506.5
2007.6 1497.5
1979.5 1483.5
1989.1 1465.25
1994 1445.25
1985.7 1436
1989.9 1426.75
1990.1 1444.25
1983.4 1454.75
2014.3 1439.5
2028.6 1448
2048 1448.5
2017.4 1469
2026.3 1468.75
2036.2 1451.75
2030.5 1436.5
2014.7 1443.25
2014.5 1435
2018 1400.75
1988.4 1364
1980.7 1337
1956.5 1333.25
1978.7 1307.25
1974.8 1341.25
1972.4 1322.5
1962.8 1324.5
1943.1 1324
1944.1 1337.25
1958 1296.5
1963.9 1299.75
1978 1329.5
1952.4 1352.5
1958 1350
1965.5 1353.25
1942.7 1360.75
1963.6 1363.25
1962.2 1386.5
1955.3 1372.75
1944.6 1399.25
1955.3 1388.25
1957.8 1428.25
1958.4 1466.5
1935.5 1477.25
1933.3 1514.75
1912.7 1500.5
1919.1 1494.5
1923.7 1521
1914 1495
1912.3 1451
1909.2 1483
1921.1 1557.25
1921.7 1562
1919.6 1547.25
1908.7 1525.75
1926.2 1485.5
1925 1508
1931.3 1520.5
1956.2 1488.5
1959.2 1518
1960.1 1495.75
1952.4 1484
1977.2 1492
1977.5 1491.5
1968.3 1495
1964.3 1501
1960.3 1523.25
1962.1 1515.5
1968.9 1546.25
1945.4 1532
1960.4 1486.75
1970.5 1445.75
1940.7 1446.75
1937.4 1429.75
1932 1428.75
1939.6 1444
1933.5 1414.5
1924.1 1430
1915.4 1431.5
1914.4 1412
1912.9 1401.25
1910.6 1391
1902.5 1323.25
1896.1 1334.75
1884.1 1336.75
1886.1 1362.75
1893.3 1370
1896.4 1351.5
1918.5 1359.5
1918.2 1365.75
1911.1 1381
1917.9 1395.25
1936.5 1382
1944.3 1381.25
1938.2 1360
1939.8 1356.25
1926.2 1349
1918.1 1360.25
1917.5 1345
1918.4 1349.5
1923.3 1352.5
1911.3 1331.75
1909.1 1336
1910 1343.75
1923.7 1340.25
1931.5 1316.75
1932 1315.5
1945.6 1320
1919.2 1293.75
1925.4 1296.25
1916.6 1297.75
1900.4 1302.75
1871.6 1303.25
1860.4 1300.5
1848.1 1275
1830 1277
1824.6 1272.75
1818.5 1273
1816.6 1280.75
1830.2 1266
1849.5 1264.25
1861 1271.5
1872.8 1252.5
1869.3 1290
1927.4 1280.25
1921.1 1286.25
1922.7 1296.75
1955.3 1311
1968.4 1315.5
1982.5 1302.25
1976.3 1286.75
1975 1295.25
1984.1 1288.25
1987.2 1279.5
1988.6 1297.25
1996.2 1282.75
1985.2 1287
1978.8 1291.25
1985.6 1304
1991.5 1327.5
1981.6 1340.5
1966.8 1348.75
1951.5 1349
1964.2 1327.75
1932.6 1333.5
1945.5 1368
1961.8 1368.75
1960.1 1385
1983.9 1360.25
1981.6 1340.25
1977.7 1367.25
1999.3 1377.25
1991.4 1356.5
2002.2 1330.75
2011.8 1329.75
2039.7 1346.5
2047.1 1347
2038.1 1342.75
2071 1325
2024.1 1306.25
2018.5 1305.5
2030.5 1295.5
2029.9 1311.75
1998.3 1304
1978 1336
1977.8 1323.75
1982.3 1307.5
2030.2 1314
2021.1 1315.75
2026.3 1327
2038.4 1312.5
2034.5 1308.25
2039.1 1297.25
2057.1 1299.75
2058.2 1313.25
2081.9 1316.75
2073.9 1305.25
2062.4 1293.5
2064.4 1274
2034.2 1269.5
2042.3 1262
2042.4 1249.75
2026.6 1239.5
2026.4 1241.5
2021.7 1228.75
2014.3 1231.25
2046.7 1205.75
2026 1227.25
2002.6 1205.75
2018.6 1213.5
2026.5 1213.25
2019.8 1224.25
2023.7 1239.5
2013.9 1240.25
2016.9 1223
2016.8 1209.25
2025.2 1194.25
2031.5 1218.75
2048.4 1222.25
2053 1203.25
2036.1 1188.5
2025.7 1196.25
2034.5 1199.5
2035.2 1189
2032.2 1193.5
2023.3 1183.5
2018.2 1193
1992.9 1186.25
1990.3 1170.5
2002.1 1162.25
2011.5 1172.25
2027.5 1179
2022.3 1160.75
2019.7 1147.75
2038.6 1133
2028.5 1136
2034 1131.25
2033 1134
2045.7 1128.25
2086.9 1143
2117.7 1147
2133.5 1140.75
2150.3 1140.25
2158 1157
2178.6 1170.5
2182.5 1165
2160.4 1182
2175.4 1181.75
2163 1180.75
2157.3 1198.25
2160.7 1187.75
2156.3 1185.5
2157.9 1209.5
2182.4 1212
2158.1 1192.5
2174.8 1209.25
2175.6 1199
2190.6 1192.5
2217.4 1191.5
2236.5 1185.75
2261 1174
2294.4 1182.25
2288.8 1180
2325.7 1185
2331.7 1181.5
2343.5 1174.5
2329.6 1164.75
2354.8 1159.25
2356.2 1174
2365.8 1158.25
2390.8 1145
2371.7 1149.5
2382.3 1134.25
2398.4 1150.5
2332.2 1161
2327.7 1167.5
2324.5 1166
2329.8 1162.75
2334.8 1159.5
2345.4 1160.75
2291.4 1145.5
2299.9 1155.75
2299.2 1190
2299 1201.75
2321.6 1234.75
2315.2 1232.25
2313.6 1212.75
2332.1 1192.75
2367.3 1205
2336.1 1205.5
2353.4 1199
2388.7 1213.5
2380 1216.25
2412.2 1228
2433.9 1248
2421.7 1236.25
2389.2 1246.25
2335 1239.25
2332.5 1248
2355.2 1229.5
2340.3 1214
2342.9 1209.75
2322.9 1205
2346.6 1184.5
2325.5 1179
2354.1 1177.25
2370.3 1200
2305.2 1179.25
2307.7 1188.25
2307.5 1178
2336 1177.25
2300.2 1189.5
2331.4 1179.75
2312.4 1157.75
2330.4 1174
2353.8 1155.25
2316.4 1160.5
2330 1175.25
2316.6 1163.25
2299.2 1162.75
2324.5 1152.25
2327.7 1150.5
2327.6 1159.5
2323 1165
2359.8 1176.5
2388.5 1188.5
2355.2 1174.25
2360.1 1161.5
2372.2 1141.25
2415 1142.75
2414 1134.5
2422.9 1078
2462.4 1090.5
2454.8 1097.25
2451.8 1098.5
2395.5 1097.25
2392 1117.75
2404.6 1117.5
2413.3 1111
2351.9 1116
2380 1077.5
2377.3 1054.75
2405 1027.25
2426.5 1028.5
2435 1022
2425.7 1029.25
2401.7 1044.25
2389.1 1028.5
2390.5 1020.25
2422.2 1009.75
2432.1 1028
2462.4 1012
2466.7 989
2439.4 979.75
2453.1 951.5
2498.6 938.75
2501.8 956.25
2511.3 957.25
2508.4 963
2478.9 941.25
2508.4 952
2517.7 959.75
2516 967.5
2501 958.5
2525.7 973.75
2493.8 982
2489.9 997
2493.4 1006
2511.4 1008.25
2493.5 989.25
2501.8 1000
2512.3 977.5
2512.1 979.75
2551.2 991.5
2581.3 986.75
2580.4 1004.5
2564.3 1006
2570.7 1014
2588 1013.25
2619.9 1012
2626.5 1039.25
2651.2 1042.25
2659.2 1053.25
2669.9 1041
2644.3 1065.75
2636.1 1057
2667.3 1057.25
2647.1 1056
2657.1 1046
2645.8 1037.75
2644.8 1034
2615 1016.25
2606 1020.25
2620.6 1014.75
2657.6 1005.5
2647.8 996
2661.4 991
2674 980
2691 988.75
2713.7 970
2723.1 981
2744.2 991.75
2714.4 997.5
2734.9 996.25
2740.9 987.75
2742.9 974
2768.4 965.25
2788.5 976.5
2738.3 982.5
2738.6 982.5
2736.1 987.25
2740.3 993.75
2667.6 994.5
2698.4 1015.5
2687.5 1016.75
2611.2 1011.75
2600 1003.5
2580.8 1004.25
2568.2 985.75
2565.7 998.5
2610.6 1009.75
2627.1 998.5
2648.2 990.5
2672.1 977.75
2709.9 983.5
2616.8 985.75
2620.3 983.5
2639.9 988.75
2657 989.5
2634.9 985.25
2644.7 991.75
2653.8 983.75
2626.6 993.75
2638.6 993.75
2664.9 990
2697.6 994.75
2733.8 995.5
2687.5 995.75
2656 988.25
2651.4 982
2644.4 976.75
2636.5 951.75
2592.2 963
2628.7 974.5
2612.3 969.5
2620 975.25
2638.8 988
2617.2 980
2606.1 982
2629.2 998.25
2658.9 999.5
2645 981
2638.4 992.5
2656.7 992.25
2664.5 987.5
2683.8 992.25
2708.5 1013.5
2673.5 1041.5
2677.5 1043
2712.5 1042.75
2746.4 1019
2744.3 1034
2755 1067.25
2767.6 1056
2763.1 1065.5
2777.3 1055.75
2737.5 1045
2766.8 1045
2769.1 1060.5
2823 1044
2812.5 1042
2833.9 1058.25
2853.3 1075
2871.6 1057
2856 1060.5
2867.3 1049.5
2914.3 1049.5
2912.5 1043.5
2909 1027.75
2925.9 1030
2883.6 1036
2931.6 1038.5
2919.4 1031.75
2940 1045.5
2937.6 1039.5
2947.9 1029
2904.5 1031.25
2916.8 1024.5
2883.2 1022.75
2836.8 1011.5
2890.2 998.25
2909.6 984
2915.3 997.75
2916.6 1014
2904.7 1010.25
2891 999.75
2912.9 997.75
2939.1 987.5
2984.3 996.75
2994.5 999.25
3000 1015.5
3035.1 1012.75
3035.9 1008.25
3040 1013
3018.2 1009.75
3013.1 1007.25
3023.7 1001.75
3020.9 1001
3060.2 1016.75
3086.5 1023
3122.8 1014.75
3163.8 1032
