271.4 5.295
271.9 5.37
269 5.32
270.3 5.287
271.8 5.131
274.1 5.276
273.9 5.36
278.4 5.33
275.6 5.14
273.6 5.2
273.1 5.352
271.6 5.348
270.3 5.29
270.6 5.152
269.3 5
270.1 5.15
272.4 5.134
270.5 5.585
276.4 5.625
272.4 5.535
271.5 5.355
271.1 5.46
270.3 5.21
270.1 4.96
270.1 5.072
266.2 4.65
264.9 4.655
264.4 4.53
264.3 4.48
264.4 4.76
264.5 4.849
264.3 5.08
265 5.34
265.8 5.445
264.3 5.69
264.9 6.02
265.1 6.24
265.8 5.79
265.7 6.12
266.3 6.24
265.7 6.41
266.3 6.577
270.1 6.38
269.8 6.07
266.4 6.18
270.1 6.58
268.7 6.675
270.7 7.45
269.7 8.527
273.7 9.85
275.2 10.04
271.7 9.263
272 9.775
268.4 8.364
263.3 8.103
263.2 6.909
264.2 7.136
264.3 7.48
266.4 7.457
266.1 6.946
264.3 7.12
264.5 7.27
262.8 7.28
262.8 6.62
265.5 6.097
265.6 5.65
268.5 6.4
267.1 6.743
265.2 5.706
263.3 5.764
262.8 6.25
260.1 6.17
259.9 6.21
260.7 5.81
259.4 5.51
255.1 5.595
258.2 5.568
256.1 5.27
258.2 5.15
258.5 5.14
265.8 5.06
267.4 5.29
266.8 5.245
265.2 5.185
262.1 5.275
261.4 5.35
270.8 5.08
271.6 5.17
260 4.935
258.1 5.03
259.8 5.065
260.5 5.28
261.9 5.05
261.1 5.215
261.5 5.27
261.9 5.32
261 5.625
259.7 5.41
258.8 5.275
255.6 5.103
258.4 5.182
258.1 5.43
260 5.388
258.3 5.477
257.3 5.559
258.7 5.38
260.1 5.381
263.3 5.516
261.1 5.248
261.3 5.148
265.3 5.11
264.8 5.128
263.7 5.125
264.1 5.078
262.4 4.96
264.4 4.891
263.9 4.867
264 4.695
264.4 4.641
265.4 4.483
266.3 4.527
266.1 4.49
266.1 4.239
270 4.2
269.1 4.348
268.3 4.394
268.1 4.653
272 4.298
273.6 4.248
287.4 4.291
285.4 4.11
285.1 4.123
283.6 4.113
279.1 4.054
277.9 3.973
273.8 3.738
265.7 3.981
265.3 3.914
266.4 3.93
264.9 4.069
265.7 3.892
265.7 3.801
266 3.79
273.4 3.922
271.5 4.301
272 4.112
275.3 4.038
271.2 3.979
272.4 3.939
273.4 3.981
272.4 3.74
272.6 3.747
272.3 3.742
273.7 3.446
276.2 3.397
272.1 3.21
269.3 3.275
270.6 3.096
269.4 3.117
267.6 3.201
265.1 3.136
265.9 3.235
266.5 3.153
266.2 3.282
268.3 3.365
266.6 3.428
267.1 3.25
266.9 3.068
268.1 3.165
270.4 3.087
269.4 2.939
269.9 2.955
268.8 2.978
269.7 2.97
267.7 3.276
266.2 3.128
267.4 3.167
264.6 3.353
266.2 3.296
267.4 3.081
267.4 3.192
267.9 2.971
267.1 3.027
267.2 2.971
267.9 3.036
273.4 2.956
273.9 3.04
276.3 3.094
275.7 3.468
275.2 3.36
279.3 3.303
276.1 3.187
275 3.166
274.9 2.845
275.3 2.811
272.5 2.706
272.6 2.544
272.3 2.42
273.7 2.34
275.4 2.395
271.6 2.359
272 2.42
273 2.44
271.6 2.392
288.1 2.225
291.5 2.102
289 2.137
291.9 2.103
290.5 1.925
293.3 1.83
291.7 2.253
292.4 2.244
292.2 2.208
289.9 2.268
290.5 2.32
290.5 2.414
291.4 2.227
292.4 2.27
288.9 2.388
285.7 2.48
281.8 2.531
284.9 2.43
282.1 2.378
283.4 2.418
279.2 2.486
280.1 2.681
275.5 2.807
276.1 2.681
275.9 2.981
277.9 3.041
279.1 3.202
280.6 3.183
279.5 3.291
279.7 3.29
279.8 3.248
278.5 2.922
279.7 2.88
281 2.87
276.8 2.96
277.4 2.925
278.3 2.733
277.8 2.798
277.8 2.676
275.1 2.551
274.7 2.637
272.7 2.791
273 2.852
272.9 2.813
272.3 2.696
273.2 2.606
274.1 2.316
273.5 2.561
273.9 2.701
276.9 2.634
275.4 2.563
273.7 2.491
273.9 2.568
272.2 2.747
272.2 2.803
278 2.846
277.7 2.686
280.4 2.657
275.5 2.616
276 2.686
278 2.895
277.4 2.555
276.5 2.774
278.7 2.57
278.9 2.465
278.2 2.268
278.9 2.275
278.6 2.272
278.9 2.281
283.4 2.228
287.1 2.185
287.4 2.204
285.4 2.25
284.4 2.291
287.3 2.394
284.4 2.255
283.1 2.236
281.5 2.125
278.6 2.075
278.1 2.06
278.8 2.105
278.3 1.94
296.6 3.41
302.2 3.29
302.6 3.245
303.2 3.52
305.9 3.63
302.6 3.49
301.1 3.345
300.1 3.27
300.5 3.32
298.8 3.201
301.7 3.17
302.2 3.105
302.1 3.13
300 3.42
298.8 3.31
302.1 3.485
304.5 3.44
302.3 3.53
303 3.6
304 3.591
304.3 3.405
308.1 3.295
311.6 3.34
311.2 3.55
308.9 3.765
309.1 3.715
308.3 3.684
312.2 3.735
311.2 3.595
311.6 3.68
308.2 3.735
309.5 3.71
311 3.749
310.6 3.78
307.3 3.855
308.7 3.64
309.8 3.609
310.6 3.565
315.7 3.49
315.8 3.395
318 3.459
322.5 3.438
320.4 3.347
323.9 3.28
325.4 3.43
325.5 3.222
326.5 3.217
326.7 3.242
327.8 3.328
321.2 3.26
324.9 3.185
324.6 3.204
318.7 3.135
319.7 3.132
320.3 3.057
317.7 3.211
319.1 3.345
317.4 3.377
319.2 3.312
319.8 3.314
323.2 3.216
324.6 3.237
324.3 3.47
320.2 3.449
320.5 3.278
319.2 3.236
313.5 3.245
314 3.192
312.8 3.145
310.9 3.142
312.1 2.939
316.1 2.991
314.7 2.864
317.2 2.83
315.6 2.787
319.6 2.784
317.2 2.863
317.4 2.841
317 2.943
323.9 2.933
323.6 2.947
312.7 2.889
311.5 3.042
309.8 2.902
303.4 2.936
302.5 2.976
303.7 2.891
303.2 2.954
304 2.842
307 2.858
307.8 2.67
305.5 2.716
314.3 2.66
310.4 2.745
314.2 2.761
314.1 2.965
314.2 2.975
311.8 2.91
314.3 3.135
313.7 3.149
306 3.29
308.7 3.166
307.6 3.274
306.6 3.515
306.7 3.487
309.4 3.617
312.3 3.483
309.4 3.288
312.9 3.25
312.4 3.296
313.4 3.132
314.9 3.193
318.2 3.342
319.9 3.265
321.3 3.399
317.9 3.356
316.6 3.25
318.9 3.329
316.6 3.467
317.1 3.507
317 3.679
320.6 3.787
322.6 3.856
321.9 3.758
323 3.978
325.9 3.742
322.2 3.494
320.3 3.686
319.7 4.041
323.9 4.14
320.9 4.067
321.5 4.16
321.1 3.724
322.1 3.739
321.9 3.74
318.2 3.862
319.6 3.918
316.5 3.828
316.3 4.146
317.8 4.303
312.6 4.247
314 4.227
311.6 4.299
312.7 4.239
310.9 4.157
313 4.12
312 4.26
310.7 4.133
313.4 4.028
315.2 4.176
317.7 4.126
316.5 4.389
318 4.156
318.8 4.06
318.3 3.863
318.2 3.883
317.5 3.854
320.5 3.831
321.3 3.903
321.2 3.778
324.5 3.872
318.7 3.877
317.9 3.869
320.7 3.981
319.2 4.263
318.6 4.261
317.4 4.254
317.4 4.351
320.7 4.26
317.8 4.261
317.7 4.14
316.8 4.2
317.6 4.32
320.2 4.226
322.2 4.298
324.8 4.405
326.3 4.383
325.8 4.37
323.5 4.64
324.8 4.709
331.4 5.1
333.2 5.284
337 5.341
337.4 5.24
342.1 5.278
345.9 5.047
340.5 5.195
345.1 5.116
346.8 5.15
348.9 4.962
349.2 4.97
343.4 4.8
347.6 4.789
346.1 5.251
351.2 5.344
351.7 4.935
347.3 5.127
353.9 5.161
353.3 5.304
354.5 5.143
354.7 5.251
352 5.107
350.7 5.43
357.7 5.645
356.6 5.536
357.3 5.433
359.7 5.673
364.5 5.42
368.2 5.524
369.4 5.396
370 5.444
366.3 5.66
368.6 5.583
368.3 5.605
370.8 5.766
379 5.762
376.4 5.644
370.1 5.828
369.9 6.043
363.7 5.852
362.5 5.977
352.6 5.785
357.4 5.74
351.9 5.851
344.2 5.911
349.9 6.134
353.1 6.162
351.8 6.61
356.3 9.137
352.3 9.577
354 9.133
346.1 7.485
350.2 8.101
349.2 7.162
353.2 7.041
353.1 7.021
350.8 6.975
354.7 6.515
350.5 5.944
346.5 5.865
335.9 5.36
336.5 5.429
337.1 5.507
337.6 5.339
336.1 5.278
332.9 5.306
326 5.12
329.5 5.253
328.4 5.077
330.3 5.097
328.7 5.146
328.7 5.146
335.9 5.06
334.3 5.125
329.6 5.065
324.9 4.919
325.3 4.943
321.5 5.134
322.2 5.108
325.6 5.195
326.7 5.419
327.9 5.411
324.2 5.552
324.9 5.653
325.8 5.677
327.2 5.709
333.5 5.713
334.4 5.645
331.5 5.569
334.8 5.474
333.4 5.477
334.5 5.123
333.7 5.236
339.1 5.385
342.1 5.267
341 5.255
342.3 5.715
342.5 5.568
341.9 5.66
348.4 5.772
348.6 5.806
351.6 5.983
350 6.308
352.3 6.314
352.6 6.131
354.7 6.122
364.2 6.015
366.3 6.056
372 6.198
368.1 6.035
368.8 6.119
367.8 5.895
365.2 5.945
369.6 6.066
364.5 6.25
366 6.412
365.2 6.36
362.6 6.375
368.6 6.54
363.7 6.51
361.8 6.314
352.2 6.33
355.5 6.213
353.3 5.63
356.6 5.675
359 5.706
363.2 5.712
357.2 5.581
361.3 5.941
356.3 5.805
353 5.863
346.3 5.697
349.3 5.757
343.9 5.291
345.2 5.362
346 5.411
351.4 5.317
351.3 5.199
351 5.226
348.1 5.381
344.1 5.503
343.6 5.52
344.3 5.258
344.8 5.154
347.7 5.102
342.1 5.02
343.1 4.934
344.2 5.05
347.2 5
350.9 5.107
350.6 4.868
358.6 4.876
362.2 4.731
362.7 4.706
364.8 4.7
361.7 4.693
356.2 4.668
354 4.718
346.1 4.874
349.2 4.63
349.6 4.677
350.8 4.745
352.5 5.082
356.3 5.037
361.7 5.129
358.5 5.217
362.1 5.179
366 4.891
363.2 4.848
358.4 4.883
361.6 4.964
365.6 5.119
360.6 5.275
363.1 5.28
361.3 5.083
365.8 5.038
373.5 4.88
370.5 4.944
375.7 4.731
373.2 4.639
373.9 4.694
372.9 4.81
377.6 4.771
375.1 4.661
381.7 4.73
380 4.968
379.7 4.738
375.8 4.766
374.5 4.685
373.5 4.661
376.2 4.642
376.6 4.471
381.8 4.483
387.2 4.494
385.9 4.511
387.5 4.588
385 4.542
380.8 4.43
382.4 4.895
385.4 4.83
384.3 4.677
383.1 4.686
369.4 4.767
372.7 4.904
377.2 5.14
375.4 5.148
369.2 5.57
373.6 5.652
375.2 5.547
375.7 5.475
372.6 5.431
372.7 5.411
371.8 5.036
374 4.772
381.7 4.875
386.5 4.924
384.7 4.913
388.9 4.786
387.9 4.512
383.2 4.486
410.4 7.122
409.2 6.982
410.6 6.324
411 6.143
412.3 6.379
414.8 6.15
416.9 6.6
415.7 6.189
424.4 6.827
422.8 7.082
421.9 6.878
424 7.094
426.4 7.287
426.3 6.906
423.7 6.3
421.7 6.385
408.4 5.845
406.7 5.94
412.7 6.291
411.1 6.15
410 5.834
407.9 6.059
406.6 5.727
410 5.716
414.5 5.775
398.5 5.659
402.2 5.397
398.7 5.574
399.2 5.651
401 5.654
398.1 5.4
403.6 5.354
406.8 5.349
406.4 5.404
410.2 5.26
413.7 5.451
410.3 5.536
416 5.32
412.3 5.356
409.8 5.235
397.5 5.193
399 5.127
404.5 5.077
395.8 5.15
395.8 5.391
396.4 5.416
399.3 5.55
393.5 5.565
392.4 5.375
392.9 5.457
401.3 5.443
400.6 5.393
404.2 5.438
400 5.397
400.7 5.643
395.3 5.596
399.4 5.718
402.4 5.688
406.9 5.722
411.1 5.631
412.5 5.582
417.4 5.546
419.8 5.53
417.2 5.429
416.7 5.336
422.1 5.395
417.1 5.365
421.7 5.746
427.3 5.933
427.8 5.765
421.6 5.812
415.4 5.804
418.9 5.809
422.8 5.872
419.9 5.941
420.1 6.009
407 5.788
399.8 5.744
397.7 5.734
401 5.61
400.6 5.509
397.7 5.553
390.8 5.582
393.3 5.623
395.1 5.571
396 5.764
398.6 5.874
405.4 5.977
404.2 5.846
406.6 5.887
405.6 5.818
401.9 5.837
397.1 5.931
395.2 6.152
390.5 6.134
390.3 5.957
387 5.989
389 6.048
387 6.18
391 6.112
391.7 5.813
394 5.816
392.2 5.661
392.3 5.712
399.8 5.588
400.7 5.693
400 5.791
395.5 5.614
394.3 5.442
398.9 5.533
402.9 5.378
404.4 5.373
404.3 5.382
407.1 5.507
413.2 5.552
410.5 5.31
403 5.338
407.9 5.298
407.4 5.189
403.3 5.082
407.8 5.234
410.4 5.074
408.8 4.965
406 4.767
400.5 4.675
397.4 4.79
399.4 4.631
398.5 4.658
401.9 4.57
404.1 4.85
405.7 4.928
405 4.824
404.7 4.719
405.8 5.108
405.3 5.249
408.3 5.608
407.2 5.629
410.9 5.564
408.1 5.392
409.1 5.262
412.5 5.723
413 6.911
418.7 6.795
419.5 6.772
414 6.725
418.2 7.164
418.4 7.045
418 7.255
423.1 7.163
422 6.993
415.1 6.636
413.2 6.851
418.1 6.803
418.7 6.709
416.2 6.806
420.3 7.123
423.5 7.623
424.4 7.697
424.6 8.105
429 7.89
426.8 8.402
424.8 7.69
425.1 8.684
428.5 8.725
427.3 8.72
420 8.567
424.6 8.752
430.1 8.199
433.6 7.954
432.7 7.6
435.7 7.471
434 7.678
434.9 7.236
437.9 7.176
437 7.436
440.2 7.124
444.8 7.283
442.6 6.873
446.8 7.115
448.8 6.762
447.8 6.793
449.3 7.976
453.7 7.837
451.3 7.62
454 7.413
450.4 6.811
456 6.796
454.2 6.923
452 6.621
437.2 6.683
435.8 6.886
433.9 6.843
438.9 7.166
435.9 7.333
440.8 7.236
436.9 7
441.6 7.457
442.4 6.952
441.8 6.856
440.3 6.82
441.9 6.668
445.2 6.16
444.3 6.213
436 6.402
437.5 6.149
428.7 5.79
428.5 5.902
426.6 5.833
421 6.049
418.9 6.001
419.1 6.159
421.9 6.095
426.1 5.943
424.5 6.445
422.7 6.395
423.2 6.137
423 6.293
422.4 6.308
426.7 6.24
426.9 6.476
422 6.403
426.9 6.388
426.3 6.288
425.8 6.259
421.8 6.321
420.8 6.316
421.1 6.376
416.6 6.149
414 6.096
413.6 5.969
412.6 6.164
412.9 6.165
417.2 6.16
420.5 6.093
425.8 6.093
425.9 6.175
425.5 6.109
427.3 5.923
427.1 5.908
434.5 6.103
434.9 6.311
434.5 6.304
434.9 6.715
436.5 6.73
432.9 6.68
432.8 6.717
429.9 6.657
434.2 6.744
435 6.714
440.3 6.847
442.1 6.88
442.8 6.768
446.2 6.772
441.1 7.138
440.9 7.179
443.7 7.192
438.7 7.238
439.3 7.273
431.1 7.318
431.3 7.248
425.2 7.138
424.7 7.062
425.9 6.999
426 7.323
428.7 7.653
425.9 7.749
423.9 7.594
424.5 7.572
427.1 7.558
426.5 7.366
426.9 7.242
428.6 7.309
427.6 7.094
429.3 6.978
424 7.069
424.9 6.997
427.5 6.95
432.9 7.045
435.3 7.057
433 7.032
434.3 7.195
434.6 7.153
437.9 7.12
433 6.748
435 6.585
429.5 6.697
426.7 6.515
429 6.63
429.8 6.691
426.1 6.621
426.2 6.674
427.2 6.694
427.2 6.683
421.6 6.511
420.2 6.536
418.9 6.446
419.4 6.476
421.5 6.392
420.5 6.357
417.4 6.343
416.6 6.407
417.5 6.349
418.8 6.315
418 6.123
419.8 6.37
416.3 6.379
415.3 6.789
422.7 6.819
423.7 6.88
426.5 7.122
424.8 7.127
424.7 7
424.2 7.045
427.4 6.932
429.3 7.26
427.5 7.228
429.1 7.441
436.2 7.613
438.3 7.69
438.4 7.67
438.9 7.474
438.1 7.442
441.7 7.473
440.5 7.36
440.3 7.138
436.4 6.976
435.9 6.981
427.8 7.171
422.9 7.475
423.5 7.688
423.3 7.398
422.9 7.472
425.5 7.495
426.3 7.885
423.9 7.9
419.6 7.844
420.7 7.849
420.5 7.652
419.7 7.586
421.7 7.55
425.4 7.3
424.7 7.384
425.7 7.284
423.4 7.425
424.7 7.647
427.3 7.694
429.9 7.885
431.9 8.154
431.9 8.378
436.9 8.351
437.9 8.471
437.2 8.7
434.7 8.684
434.2 8.649
436.5 9.071
445.5 9.301
445.9 9.588
442.2 9.54
446.1 9.752
439.9 9.391
439.5 8.928
437.2 9.111
438.1 9.564
439.4 9.683
437.3 9.984
438.4 9.77
437.4 9.792
437 10.847
431.2 11.659
433.8 11.472
442.3 11.757
444.2 11.691
444.4 11.657
444.9 11.201
446.7 11.347
449 11.263
449.7 11.031
446.1 10.763
449.8 11.166
455.5 11.336
459.5 11.144
466.7 12.663
466.2 12.492
468.9 12.6
466.6 12.79
463.5 12.324
465.9 12.44
462.6 12.656
469.7 13.907
472.1 13.421
463.5 13.549
461 12.977
467 12.872
465 13.004
472.8 14.338
471.2 14.04
473.8 13.832
466.3 11.669
468.2 11.607
503.3 13.931
548.3 8.943
553.5 9.28
558.3 8.574
557.7 8.682
562.2 8.46
559.7 8.229
558.7 8.4
555.2 6.835
552.4 6.868
550.9 6.953
550.1 7.328
560 7.29
567 7.067
566.6 7.214
573 7.233
586.7 7.487
581.8 7.21
589.4 7.244
586 7.065
587.9 7.069
595.2 6.972
588.4 6.743
597.6 6.882
595.2 6.908
597.5 6.808
596.5 7.14
615.4 7.577
620 8.008
632.6 8.192
619.8 8.064
632.2 7.981
620.6 7.558
631 7.254
638.8 7.198
633.3 6.805
651.8 6.555
657.5 6.695
664.7 6.746
665.9 6.606
674.2 6.906
682.2 6.775
677.8 6.696
699.4 6.581
703.7 6.9
719.8 6.649
710.3 6.28
683.6 6.123
691.5 6.252
690.5 6.129
679.6 5.997
656.7 5.962
657 6.276
673 6.258
637 5.964
648.4 5.975
650.9 5.925
653.9 6.123
642.5 6.384
627.6 6.448
635.5 6.623
643.2 6.463
629.4 6.385
627.4 5.974
609.1 6.191
608.2 6.172
606.8 6.224
562.5 6.163
562.3 6.59
566.5 7.207
578 7.185
568.8 6.893
576.9 6.502
587.5 6.588
582.2 6.439
584.8 6.226
584.8 5.969
581.6 6.107
578.3 5.887
576.3 5.759
572.4 6.427
578.4 6.429
571.9 6.466
572.3 6.15
576.3 5.782
588.8 5.659
594.7 6.444
589.7 6.442
588.9 6.807
599 7.132
593 7.241
579.7 6.881
584.4 7.091
587.6 7.693
596.8 7.497
598.2 7.153
669.4 7.3
656.5 6.764
660.5 6.41
673.3 5.925
665 5.635
673 5.468
682.5 5.629
681.7 5.805
695.6 5.65
700.8 5.501
703.3 5.891
712.2 5.934
711.9 6.438
709.5 6.029
709.6 6.279
715.8 6.653
715.8 6.568
722 6.18
732.4 6.008
731.4 6.08
732.1 6.37
731.6 6.36
728.3 6.423
964.5 9.443
972.1 9.366
981.5 9.346
963.9 9.353
986.2 9.741
975 9.742
972.2 9.769
969.9 10.024
974.2 10
978.8 10.011
992.3 10.23
998.2 9.868
1001.4 9.1
1003.2 9.414
944.7 9.024
919.6 9.065
918.3 9.329
934.6 9.419
949 9.572
948.8 9.578
929.3 13.198
926.2 13.353
942.5 13.505
944.8 13.389
931.9 13.577
927.3 12.977
921.9 12.368
927.3 12.006
940.9 12.3
959.5 11.904
972.7 11.959
977.7 11.477
961.8 11.398
970 10.537
957.3 10.57
963.1 10.51
948 10.067
922.4 9.788
922 9.323
926.6 9.084
927.6 9.163
916.4 9.217
835.5 6.592
801.5 6.703
785.1 6.786
787.6 6.741
766.1 6.844
733.3 6.777
713.3 6.419
729.1 6.239
741.7 6.121
739.3 6.186
752.8 6.469
865.4 5.983
841.1 5.872
853.9 5.583
854.3 5.516
820.3 5.542
820.1 5.184
808.2 4.97
806.7 4.843
839.3 4.801
854.6 4.642
849.6 4.78
858.2 4.681
895.3 4.518
908.5 4.49
899.2 4.503
888.1 4.476
915.5 3.739
922.6 3.776
926.1 3.695
907.4 3.782
895.6 3.801
871.5 3.732
882.2 3.562
884.8 3.63
882.2 3.61
894.7 3.628
890.9 3.689
892.8 3.693
879.3 3.599
867.4 3.729
887 3.54
882.1 3.511
891.8 3.532
905.9 3.409
913.6 3.297
907.4 3.253
892.8 3.321
993.1 4.875
1008 4.841
999.5 4.466
1003.2 4.718
1016.7 4.987
1038.6 4.88
1043.3 4.904
1055.4 4.963
1047.8 4.77
1056.7 4.88
1064.2 4.588
1063.9 4.436
1049.8 4.482
1050.7 4.781
1057.3 4.835
1057.8 5.161
1063.7 5.1
1057.8 4.947
1055.6 4.787
1042.1 4.513
1034.7 4.557
1029.9 4.289
1174.2 5.192
1181.1 4.848
1199.1 4.762
1212 4.53
1217.4 4.459
1168.8 4.586
1163.4 4.971
1142.8 5.114
1120.4 4.898
1125.7 5.298
1119.4 5.163
1123.3 5.332
1122.4 5.523
1135.5 5.462
1106.8 5.768
1110.8 5.782
1095.4 5.669
1086 5.715
1093.3 5.821
1104.1 5.643
1107.2 5.99
1097 5.814
1091.5 5.709
1095.2 5.572
1117.7 5.884
1118.1 5.637
1135.9 6.009
1133.1 5.806
1138.2 5.749
1150.7 5.454
1128.9 5.591
1136.4 5.733
1142.6 5.588
1130.1 5.691
1139.7 5.557
1112.3 5.496
1102.7 5.615
1089.2 5.819
1095.2 5.722
1097.9 5.485
1084.4 5.274
1112.6 4.895
1102.7 4.778
1096.5 4.816
1107.8 4.767
1118.3 4.813
1117.8 4.679
1136.9 4.708
1142.7 4.757
1132.6 4.575
1134.8 4.593
1123.6 4.527
1122 4.516
1107.8 4.559
1108 4.44
1101.5 4.4
1105.1 4.391
1122.2 4.347
1124 4.303
1127.4 4.085
1107.4 4.169
1099.3 4.079
1103.5 4.13
1088.6 4.105
1092.7 3.981
1104.2 3.872
1110.3 3.842
1104.5 3.973
1113.3 3.869
1125.1 4.086
1132.9 4.277
1135.1 4.096
1152.3 4.019
1152.2 3.909
1161.1 4.07
1161.6 4.008
1152.8 4.16
1159 4.199
1159.7 3.985
1136.3 4.039
1135.2 3.944
1138.6 3.975
1148.2 3.955
1142.3 4.128
1153.1 4.257
1153.5 4.262
1161.7 4.216
1171.3 4.271
1168.4 3.98
1180.1 3.92
1182.7 4
1168.6 4.013
1174.6 3.991
1196.9 3.929
1210 4.015
1200.4 4.17
1219.9 4.131
1242.7 4.284
1228.8 4.339
1227.4 4.312
1227.7 4.398
1214.3 4.342
1192.6 4.158
1187.8 4.106
1175.7 4.035
1193.8 4.017
1197.8 4.051
1213.3 4.155
1211.9 4.294
1212.2 4.341
1224.8 4.248
1220.6 4.424
1208.3 4.69
1216.2 4.797
1239.3 4.916
1244 4.808
1228.5 4.677
1220.8 4.647
1228.9 4.781
1223.3 5.006
1233.2 5.189
1229.3 4.978
1247.5 5.162
1257.2 4.997
1239.7 4.873
1239.9 4.756
1234.1 4.804
1245.5 4.748
1255.8 4.861
1238.2 4.717
1242 4.548
1245.5 4.616
1206.3 4.854
1207.4 4.687
1194.8 4.682
1198.6 4.565
1195.8 4.399
1209.6 4.402
1198.5 4.388
1213.3 4.354
1206.8 4.306
1208.1 4.586
1188 4.519
1181.7 4.51
1191.5 4.59
1191.6 4.513
1195.5 4.643
1187.7 4.58
1183 4.612
1158 4.675
1160.4 4.774
1168.4 4.827
1181.7 4.923
1183.4 4.701
1185.2 4.639
1193.7 4.737
1197.2 4.598
1203.4 4.467
1200.7 4.309
1196.2 4.297
1197.5 4.326
1214.8 4.296
1214.9 4.328
1224.5 4.228
1226.6 4.267
1229.7 4.239
1233.8 4.171
1227.2 4.117
1226.9 4.066
1231.8 4.039
1239.5 3.871
1235.4 3.817
1236 3.651
1237.1 3.812
1248.3 3.816
1246.3 3.762
1251.5 3.751
1249.2 3.939
1257.3 3.852
1255.6 3.814
1248.9 3.768
1244.5 3.883
1245.1 3.938
1269.7 3.966
1266.7 3.995
1271.9 4.062
1275.6 4.024
1279 3.822
1272.4 3.919
1290.2 3.966
1294.3 4.019
1296 3.881
1296.7 3.8
1306.6 3.837
1308.5 3.962
1307.8 3.872
1316.1 3.797
1315.4 3.727
1338.9 3.743
1346.4 3.865
1333.9 3.617
1344.2 3.651
1353.3 3.601
1345.7 3.629
1369.5 3.696
1376.7 3.657
1371.1 3.535
1371.2 3.431
1335.1 3.513
1343.3 3.539
1324.7 3.368
1324.4 3.332
1338.3 3.317
1338 3.354
1322.2 3.292
1342.1 3.89
1357.1 4.038
1350.2 3.832
1356.4 3.87
1337.1 3.836
1382.7 3.856
1397.3 3.937
1402.8 4.088
1409.8 4.21
1399.1 4.046
1403.1 3.927
1365.4 3.799
1368.4 3.845
1338.3 3.818
1336.8 4.03
1352.9 4.007
1352.2 4.164
1357.7 4.271
1377.5 4.264
1372.9 4.267
1362.3 4.399
1366 4.21
1385 4.18
1387.3 4.269
1388.5 4.343
1405.4 4.349
1415.3 4.488
1408.3 4.393
1382.5 4.606
1392.1 4.435
1384.3 4.417
1397.3 4.42
1403.6 4.255
1385.5 4.222
1370.4 4.048
1378.6 4.066
1385.5 4.237
1388.2 4.059
1386.8 4.152
1380 4.083
1382.4 4.112
1405.2 4.216
1413.1 4.287
1405.6 4.338
1421.1 4.405
1422.6 4.65
1378.5 4.669
1373.4 4.473
1371.4 4.434
1368.5 4.422
1373.7 4.399
1384 4.481
1385.7 4.531
1386.9 4.407
1360.4 4.48
1368.1 4.425
1370.2 4.561
1346.5 4.695
1341 4.736
1344.5 4.58
1332.3 4.473
1333 4.491
1318.4 4.316
1340.7 4.323
1333.8 4.42
1339.6 4.347
1331.5 4.429
1352.3 4.337
1348.3 4.31
1347.6 4.104
1363.4 4.04
1364.8 4.044
1361.9 3.986
1359.9 3.91
1364.6 3.925
1373.6 3.976
1374.7 3.921
1384.7 3.868
1388.2 3.876
1400.5 3.867
1413.4 3.9
1415.3 3.793
1408.7 4.005
1409.3 4.037
1430.7 3.873
1437.2 3.818
1416 3.778
1428.2 3.809
1434.1 3.927
1426.9 3.864
1429.3 3.93
1412.2 3.83
1421.5 3.889
1424.6 3.914
1392.6 3.941
1396 3.938
1404 4.158
1415.9 4.168
1426.2 4.161
1427.5 4.254
1437.9 4.335
1434.8 4.244
1426.1 4.403
1419.8 4.374
1416 4.24
1423.8 4.355
1438.9 4.389
1428.1 4.362
1432.2 4.289
1451.8 4.231
1457.7 4.146
1458.5 4.057
1473.4 4.041
1467.4 4.108
1452.9 4.098
1454.9 4.141
1471.7 4.212
1485.3 4.204
1492.3 4.138
1494.5 4.262
1498.3 4.31
1503.2 4.412
1508.6 4.389
1503 4.387
1516.7 4.377
1530.8 4.571
1556 4.698
1556.7 4.693
1540.1 4.67
1514.9 4.577
1480.9 4.261
1491.2 4.235
1502.9 4.154
1516.6 4.246
1501.1 4.181
1506.6 4.194
1493.4 4.246
1490.4 4.318
1479.8 4.182
1495.6 4.198
1492.2 4.094
1508.8 4.23
1515.3 4.346
1523.2 4.345
1526.6 4.379
1522.8 4.326
1536.3 4.518
1535.9 4.666
1542.4 4.629
1532 4.794
1541.7 4.707
1546.5 4.827
1543.3 4.831
1538.1 4.847
1542.1 4.674
1528.6 4.757
1515 4.646
1523.8 4.581
1525.6 4.577
1529.3 4.412
1538.6 4.325
1541.5 4.317
1546 4.388
1552.9 4.317
1520.1 4.193
1500.5 4.229
1496 4.256
1499.7 4.357
1509.9 4.315
1502.3 4.374
1482.3 4.311
1512.3 4.363
1528.7 4.217
1530.2 4.133
1541.2 4.205
1548.8 4.288
1561.9 4.333
1585.2 4.403
1589 4.378
1589.8 4.546
1602.1 4.546
1600.9 4.533
1596.7 4.5
1586.8 4.395
1601.3 4.399
1612 4.386
1616.6 4.37
1615 4.37
1613.4 4.244
1628.3 4.145
1619 4.188
1641.9 4.155
1663.4 4.09
1656.2 3.941
1648.8 3.941
1710.2 3.935
1740 3.994
1781.3 4.003
1748.8 4.108
1740.2 4.06
1755.5 4.024
1782.4 3.932
1791.2 3.933
1818.9 3.892
1848.9 3.94
1888.7 3.889
1858.3 3.993
1754.1 3.922
1759.8 3.931
1794.1 3.931
1788.4 3.857
1826.7 3.909
1828.5 4.054
1826 4.05
1873.7 3.872
1869.9 3.938
1814.2 3.94
1854.4 3.98
1856.4 3.915
1809.9 3.885
1826.8 3.98
1823.5 4.039
1778.5 3.878
1812.1 3.809
1776.4 3.829
1806.6 3.798
1805.5 3.73
1739.2 3.705
1637.5 3.701
1592.5 3.782
1650.6 3.827
1616.3 3.759
1615.5 3.747
1620.4 3.666
1656 3.617
1614.7 3.638
1640.3 3.57
1651.9 3.598
1634.5 3.481
1669.6 3.541
1659.7 3.616
1681.3 3.489
1667.3 3.531
1681.8 3.703
1675.5 3.688
1651.7 3.553
1646 3.586
1611.9 3.63
1635.1 3.629
1651.5 3.604
1699.6 3.658
1722.7 3.59
1746.7 3.524
1746.2 3.923
1724.2 3.934
1711 3.781
1728.7 3.749
1764.2 3.778
1755.3 3.783
1790.3 3.696
1798.4 3.745
1790.9 3.652
1758.9 3.649
1787.5 3.584
1777.8 3.458
1781.7 3.404
1773.8 3.344
1719.8 3.41
1724.7 3.316
1678.3 3.399
1702.2 3.415
1695.7 3.46
1685.5 3.542
1710.8 3.364
1713.4 3.633
1745.5 3.55
1735.3 3.648
1747 3.584
1730.7 3.461
1727.9 3.487
1740.9 3.421
1709.8 3.457
1712.8 3.317
1664.2 3.254
1659.9 3.279
1584.3 3.136
1574.6 3.127
1595.6 3.127
1594.4 3.096
1615.6 3.128
1611.9 3.155
1608.9 3.169
1604.7 3.114
1594.2 3.112
1562.9 3.084
1539.9 3.027
1565.8 2.989
1599.7 2.993
1611.9 3.096
1619.4 2.98
1616.1 3.062
1607.5 3.011
1631 2.941
1639.2 2.774
1647.3 2.697
1630.4 2.67
1655.2 2.488
1659.5 2.472
1654.1 2.322
1663.7 2.343
1678 2.525
1664.2 2.554
1699.8 2.729
1726.3 2.605
1731.8 2.678
1731 2.713
1737.8 2.503
1747.1 2.382
1756.8 2.554
1737.9 2.499
1722.8 2.55
1746.4 2.472
1729.3 2.448
1739 2.477
1723.3 2.477
1723 2.431
1715.9 2.532
1726.3 2.425
1726.8 2.567
1724.5 2.684
1757.1 2.626
1770 2.643
1784.9 2.621
1775.1 2.55
1773.6 2.446
1787 2.519
1709.9 2.616
1721.1 2.463
1708.8 2.484
1703 2.355
1671.4 2.356
1683.3 2.302
1698.1 2.272
1710.9 2.324
1699.2 2.269
1693.7 2.299
1642.5 2.284
1659.1 2.279
1655.5 2.326
1666.9 2.351
1646.7 2.335
1650 2.36
1642.3 2.269
1662.3 2.275
1685.5 2.226
1684.8 2.208
1657.9 2.191
1652.2 2.149
1669.3 2.126
1677.5 2.152
1670 2.187
1612.3 2.141
1628.5 2.089
1642.5 2.107
1659.5 2.031
1659 1.984
1679.5 1.983
1659.1 1.981
1648.7 2.016
1650.3 1.951
1638.8 1.951
1640.6 1.907
1642.1 1.927
1631.9 2.007
1643 1.975
1641.4 2.068
1659.6 2.036
1664 2.186
1663.4 2.285
1661.7 2.371
1653.4 2.253
1634.2 2.34
1644.7 2.279
1638.6 2.336
1604 2.393
1593.7 2.465
1595.1 2.487
1583.6 2.509
1560.6 2.431
1556.8 2.5
1536.2 2.618
1574.5 2.594
1591.6 2.742
1588.4 2.609
1576.3 2.707
1548.1 2.737
1557.3 2.647
1568.8 2.568
1548.6 2.429
1563.4 2.418
1562.6 2.422
1620.5 2.326
1612.2 2.415
1615.2 2.446
1632.8 2.421
1586.6 2.274
1590.1 2.299
1595.5 2.218
1612.7 2.232
1618.1 2.185
1618.4 2.495
1627 2.467
1625.7 2.635
1622.2 2.545
1614.8 2.517
1564.5 2.582
1566 2.625
1587.5 2.694
1574 2.767
1577.5 2.774
1549.7 2.722
1603.5 2.824
1597.2 2.824
1621.3 2.899
1608.9 2.945
1578.4 2.776
1588.6 2.883
1579.3 2.737
1575.2 2.853
1564.9 2.874
1591.6 2.874
1591.2 2.801
1589.1 2.796
1570.4 2.973
1580.1 2.999
1582.5 3.081
1577.1 3.117
1576 3.187
1608 3.07
1615 3.105
1617.9 3.01
1619.7 3.214
1610.5 3.209
1603.7 3.171
1587.4 2.92
1606 2.877
1612.9 2.908
1609.7 2.964
1612.9 2.933
1617.1 2.945
1619.7 2.77
1609.6 2.729
1599.4 2.834
1603.7 2.748
1616.1 2.724
1616.3 2.719
1620.1 2.776
1639.9 2.775
1637.4 2.826
1669.6 2.802
1669.8 2.702
1672.4 2.653
1666.5 2.614
1659.8 2.634
1653.5 2.748
1684.6 2.799
1692.9 2.854
1690.8 2.795
1702.6 2.776
1737.5 2.682
1728.7 2.812
1731.8 2.992
1730.6 3.063
1769.1 3.037
1769.8 2.943
1767.7 2.865
1768.4 2.773
1769 2.762
1767.7 2.797
1775.5 2.885
1762.1 2.837
1763.8 2.924
1750.6 3.023
1777.6 3.297
1771.1 3.32
1780.5 3.48
1772.7 3.531
1777.3 3.395
1794.1 3.406
1778.6 3.396
1773.5 3.403
1763 3.467
1763.2 3.475
1768.8 3.604
1758 3.611
1736 3.486
1744.7 3.437
1751.5 3.47
1743.3 3.587
1722.8 3.617
1725.1 3.452
1708.3 3.535
1700.5 3.45
1712 3.434
1710.9 3.4
1717.5 3.692
1714.1 3.699
1674.1 3.554
1682.2 3.554
1714.1 3.617
1713.2 3.578
1725.4 3.608
1730.3 3.503
1730.3 3.57
1724.2 3.739
1729.5 3.76
1713.3 3.703
1714.3 3.79
1734 3.719
1723.2 3.832
1727.9 3.903
1751.3 3.901
1749.5 3.73
1742.2 3.769
1716.5 3.696
1727.2 3.648
1710.9 3.561
1719.6 3.591
1694.4 3.539
1692.4 3.7
1700.3 3.666
1704 3.551
1713 3.46
1708.2 3.412
1716.6 3.382
1695.6 3.347
1695.8 3.314
1697 3.358
1669.5 3.418
1666.5 3.32
1644.9 3.462
1659.1 3.451
1658.6 3.346
1659.8 3.392
1662.6 3.354
1654.9 3.469
1674.8 3.351
1687.9 3.233
1673.7 3.198
1648.1 3.287
1645.5 3.266
1661.5 3.218
1654.8 3.113
1677.3 3.193
1660 3.327
1668.9 3.373
1683.4 3.455
1682.7 3.435
1690.4 3.494
1686.6 3.566
1692.8 3.558
1686.3 3.554
1669.5 3.446
1656.4 3.444
1652.4 3.289
1660.7 3.226
1679.9 3.335
1660.6 3.339
1669.4 3.301
1675.3 3.315
1672.4 3.399
1677.7 3.418
1670.4 3.285
1666 3.272
1648.2 3.279
1648.7 3.23
1644.2 3.306
1634.7 3.163
1608.8 3.153
1603.6 3.272
1577.6 3.279
1578.2 3.246
1572.4 3.291
1586.2 3.414
1615.2 3.427
1595.2 3.434
1577.7 3.486
1571.9 3.456
1572.1 3.529
1574.6 3.529
1574.6 3.47
1574.8 3.582
1576.6 3.629
1577.8 3.649
1591.5 3.645
1588.3 3.68
1590.6 3.812
1592.5 3.872
1604.6 3.882
1611.3 3.969
1607.5 3.96
1613.8 3.935
1606.2 3.927
1604.6 3.865
1595.8 3.976
1606.2 4.068
1594.8 4.024
1600 4.015
1575.1 3.969
1552.8 3.9
1551.8 3.947
1575.4 4.125
1572 4.082
1586.2 4.017
1558.3 4.085
1564.3 4.139
1501 4.222
1360.6 4.137
1386.8 4.16
1382.2 4.214
1392 4.401
1395.3 4.408
1421 4.267
1408.6 4.238
1423.4 4.166
1461.8 4.167
1453.6 4.151
1467.4 4.392
1472.2 4.343
1446.3 4.326
1467.7 4.025
1464.3 4.041
1468.1 4.011
1449 3.92
1473.9 3.978
1468.8 3.983
1436.8 3.91
1434.5 3.925
1424.7 4.024
1396.5 4.07
1387.1 3.932
1364.9 4.055
1384.3 4.09
1377.8 4.192
1367.6 4.186
1392 4.261
1386.8 4.237
1379.1 4.174
1391.3 4.148
1411.5 4.023
1392.6 3.984
1411.7 3.991
1397.1 3.998
1398.4 4.001
1415.7 3.827
1383 3.828
1386.2 3.8
1377 3.724
1391.8 3.777
1377.6 3.814
1387.3 3.733
1382.8 3.875
1366.6 3.905
1373.6 3.963
1285.9 3.877
1291.6 3.771
1276.8 3.739
1274.8 3.647
1229.6 3.707
1211.4 3.582
1223.8 3.565
1255.9 3.577
1243.6 3.654
1252.1 3.69
1212.9 3.617
1234.9 3.741
1245.9 3.657
1247.4 3.68
1280.1 3.613
1277.8 3.644
1283.8 3.674
1290.8 3.677
1277.9 3.629
1284.6 3.812
1293.3 3.789
1336.4 3.677
1335.1 3.743
1319.7 3.698
1329 3.644
1321.7 3.555
1328.4 3.459
1324 3.432
1312.4 3.446
1311 3.387
1310.6 3.347
1302.6 3.319
1283.2 3.318
1286.1 3.247
1310.7 3.297
1312.9 3.23
1334.7 3.31
1321.2 3.285
1334 3.342
1361.6 3.419
1371.7 3.368
1366.2 3.463
1373.1 3.444
1370.6 3.46
1371.2 3.545
1395.7 3.485
1393 3.513
1420.6 3.534
1419 3.566
1412.9 3.618
1396.1 3.581
1412 3.666
1389.9 3.683
1373.1 3.575
1386.7 3.53
1386.8 3.605
1364.1 3.584
1363.9 3.567
1330.4 3.638
1308.4 3.677
1317.9 3.738
1309.5 3.745
1307.8 3.713
1369.4 3.72
1332.5 3.687
1326.9 3.602
1316 3.492
1335.9 3.493
1323.6 3.498
1338.4 3.589
1326.5 3.56
1286 3.609
1320.6 3.542
1317.4 3.499
1309.7 3.506
1324.8 3.629
1324.2 3.716
1306.9 3.679
1296.6 3.723
1268 3.776
1276.4 3.82
1273 3.79
1282 3.769
1322.7 3.757
1314.4 3.764
1315.7 3.668
1342.5 3.581
1333.9 3.619
1350.2 3.629
1352.4 3.707
1352 3.569
1345.2 3.497
1349 3.62
1323.6 3.581
1313.1 3.513
1314.6 3.445
1308 3.466
1317.7 3.498
1308.4 3.519
1284.5 3.559
1281 3.574
1271.1 3.617
1268.3 3.566
1286.2 3.605
1287.3 3.66
1272.2 3.617
1273.4 3.556
1257.9 3.674
1243.5 3.702
1244 3.768
1241.1 3.789
1241.4 3.818
1237.8 3.895
1250.6 3.954
1222.3 3.988
1221.7 3.976
1248.2 3.96
1233.2 4.132
1230.3 4.114
1235.3 4.232
1262.4 4.237
1258.5 4.337
1226 4.409
1235.7 4.351
1245.5 4.279
1231.2 4.287
1236.1 4.251
1195 4.46
1205.1 4.418
1198.4 4.463
1205.1 4.416
1214.1 4.433
1216.1 4.407
1203.1 4.427
1201.9 4.23
1225 4.321
1238.4 4.304
1237.8 4.306
1229.4 4.299
1225.3 4.216
1229.3 4.005
1246.7 4.053
1250.9 4.274
1245.2 4.369
1238.1 4.325
1240 4.382
1251.7 4.326
1242.3 4.431
1239 4.689
1262.6 4.73
1264.5 5.182
1263.6 4.847
1251 5.033
1262.2 5.557
1242.2 5.011
1240.1 4.943
1260.4 4.905
1251.7 5.375
1257.3 5.03
1257.6 4.931
1263.3 4.775
1274.8 4.579
1290.1 4.824
1295.3 4.822
1300.4 5.223
1319 5.214
1324.7 5.551
1320.6 6.149
1317.1 6.064
1323.9 6.135
1338.3 5.445
1343 5.096
1328.2 4.855
1331.6 4.511
1321.4 4.609
1350.1 4.492
1337.8 4.667
1340.2 4.523
1351.7 4.662
1338.1 4.618
1341.4 4.651
1346.5 4.605
1370.3 4.49
1372.2 4.383
1379 4.425
1372.9 4.536
1359 4.456
1341.4 4.484
1330.5 4.369
1336 4.313
1311.2 4.276
1311.4 4.411
1303.4 4.402
1294.7 4.584
1293.8 4.485
1283.4 4.371
1279.6 4.276
1290.5 4.364
1284.4 4.47
1303.2 4.439
1298 4.476
1308.7 4.534
1305.5 4.586
1320.1 4.655
1318.7 4.62
1327.2 4.56
1300 4.567
1303.1 4.53
1293.4 4.741
1288 4.697
1280.6 4.739
1284.2 4.73
1290.5 4.705
1300.7 4.647
1298.9 4.795
1296 4.831
1295.6 4.815
1283.1 4.719
1302.6 4.674
1309 4.688
1308.3 4.799
1288.6 4.74
1287.4 4.572
1287.3 4.531
1295.6 4.434
1294.6 4.358
1305.7 4.367
1293.5 4.469
1293.3 4.413
1293.7 4.47
1294.5 4.552
1288 4.473
1294.9 4.359
1291.6 4.405
1265.4 4.505
1259.3 4.619
1256.3 4.559
1245.6 4.542
1243.7 4.612
1244.3 4.629
1244 4.64
1253 4.701
1252.1 4.71
1253.5 4.645
1259.8 4.53
1260.8 4.508
1273.6 4.762
1273.7 4.739
1274.9 4.707
1271.7 4.709
1272.4 4.659
1313.7 4.584
1316.2 4.531
1318 4.446
1320.9 4.535
1322.2 4.553
1316.1 4.4
1319 4.409
1321.8 4.461
1326.4 4.455
1330.7 4.357
1320.4 4.406
1316.5 4.225
1316 4.204
1323.8 4.17
1338.7 4.12
1337 4.146
1306.3 4.147
1296.9 4.097
1299.6 4.119
1316.7 3.954
1309.2 3.951
1313.7 3.849
1306.1 3.772
1304.5 3.762
1290.6 3.847
1303.1 3.781
1303.3 3.747
1298.3 3.808
1294.9 3.786
1281.3 3.841
1293.6 3.798
1287.7 3.834
1284 3.897
1306.7 3.933
1310.8 3.876
1308.9 3.962
1308.5 3.965
1308.8 3.974
1312.8 3.831
1313.9 3.906
1304.5 3.776
1297.7 3.792
1295.1 3.877
1293.4 3.823
1273.7 3.889
1278.6 3.84
1277.3 3.937
1283.8 3.911
1281.9 3.957
1288.7 4.044
1285.8 4.065
1263.7 3.89
1268.9 3.847
1265.1 3.819
1265.8 3.793
1252.7 3.876
1246.8 3.984
1243.5 3.954
1237.4 3.823
1229.9 3.857
1233.6 3.931
1235.2 3.995
1234.4 4.013
1225.7 3.91
1215.3 3.837
1216.8 3.85
1221 3.816
1218.6 3.911
1221.2 3.971
1214.1 3.984
1217.5 4.154
1210.5 4.121
1214.6 4.023
1214.2 3.932
1192.2 4.039
1206.7 3.898
1211.7 3.957
1205.3 3.855
1224.6 3.845
1221 3.859
1229.3 3.916
1233.6 3.816
1244.1 3.8
1240.5 3.796
1238.3 3.766
1244 3.67
1251 3.711
1244.8 3.659
1228.5 3.622
1231.2 3.623
1229.1 3.561
1229.2 3.649
1224.3 3.728
1198.1 3.827
1171.1 3.873
1169.4 4.046
1167.4 4.129
1145.4 4.194
1142.3 4.404
1169.6 4.412
1159.6 4.255
1162.8 4.247
1158.9 4.185
1161.1 3.977
1185 4.02
1183 4.341
1196.7 4.244
1193.6 4.371
1190.7 4.489
1197.5 4.266
1195.5 4.151
1197.1 4.282
1196.6 4.355
1175.2 4.088
1218 4.007
1199.2 3.874
1208.5 3.805
1207.5 3.649
1190.1 3.802
1194.7 3.595
1231.5 3.652
1228.9 3.706
1225.1 3.634
1222 3.795
1207.2 3.719
1193.9 3.619
1194.3 3.702
1194.7 3.642
1195.9 3.464
1179.7 3.144
1177.9 3.171
1173.5 3.03
1195.3 3.007
1181.7 3.189
1200.2 3.094
1183.9 2.889
1186 3.003
1203.9 2.882
1219.3 2.938
1210.6 2.871
1208.4 2.927
1216 2.946
1232.7 2.795
1234.3 2.943
1234.4 3.233
1264.7 3.158
1276.9 3.127
1294.2 2.831
1293.7 2.974
1300.7 2.835
1292.6 2.986
1279.4 2.881
1291.7 2.981
1285.9 2.866
1254.6 2.719
1278.5 2.691
1276.2 2.68
1259.7 2.754
1263.8 2.662
1262 2.6
1233.9 2.579
1240.8 2.597
1231.6 2.677
1219 2.797
1220.1 2.713
1226.5 2.804
1208.1 2.759
1199.7 2.831
1207.1 2.834
1204.4 2.951
1200.3 2.879
1196.9 2.902
1201 2.894
1209.6 2.697
1212.6 2.734
1207.7 2.698
1204 2.712
1200.6 2.769
1195.9 2.841
1164.1 2.839
1166.4 2.678
1160.1 2.732
1150.7 2.824
1152.1 2.734
1152.6 2.727
1153.3 2.716
1148.3 2.855
1151.4 2.92
1169.1 2.813
1184.8 2.786
1188 2.733
1191.7 2.786
1197.3 2.723
1205.1 2.672
1199.8 2.59
1184.8 2.644
1183.1 2.64
1208.1 2.605
1200.9 2.713
1218.6 2.65
1210.6 2.68
1203.1 2.619
1193.6 2.528
1204.6 2.511
1199.3 2.511
1192.8 2.53
1201.5 2.61
1198 2.684
1202.9 2.634
1193.5 2.536
1202.9 2.575
1186.9 2.606
1194.4 2.531
1175.2 2.531
1203.3 2.49
1214 2.517
1209.8 2.606
1182.4 2.751
1174.5 2.776
1186.8 2.821
1193.2 2.78
1190.3 2.776
1182.4 2.734
1189.1 2.88
1183.2 2.802
1192.6 2.897
1218.4 2.935
1225.4 3.008
1225.5 3.016
1227.8 3.01
1206.9 2.948
1208.9 2.915
1204.4 2.949
1204.3 2.887
1187.2 2.822
1185.9 2.815
1188.1 2.706
1189.4 2.642
1188.3 2.649
1194.1 2.698
1184.7 2.634
1174.9 2.626
1167.8 2.59
1173.2 2.705
1177.3 2.846
1186.1 2.891
1179.9 2.825
1178.8 2.75
1185.3 2.889
1180.5 2.894
1176.4 2.855
1201.5 2.777
1201.5 2.816
1183.7 2.733
1176.2 2.726
1172.6 2.759
1171.5 2.85
1172.9 2.773
1178.5 2.805
1171.5 2.832
1169 2.783
1163 2.822
1172.9 2.756
1152.4 2.716
1163.3 2.685
1159 2.726
1157.7 2.77
1155.2 2.864
1153.3 2.84
1147.2 2.918
1143.8 2.854
1131.8 2.87
1106.7 2.823
1103.4 2.882
1091.4 2.897
1094 2.816
1085.6 2.776
1096.5 2.789
1096.3 2.821
1092.7 2.886
1088.4 2.768
1094.9 2.716
1089.4 2.748
1090.7 2.812
1085.7 2.798
1090.2 2.813
1094.1 2.798
1104.2 2.842
1107.6 2.844
1123.2 2.931
1115.7 2.787
1112.9 2.801
1118.6 2.728
1117.1 2.704
1128.1 2.716
1153 2.755
1159.6 2.676
1153.4 2.65
1138.2 2.685
1124.6 2.693
1122.4 2.638
1133.1 2.715
1131.6 2.689
1138.7 2.702
1132.5 2.648
1123.7 2.725
1120.6 2.655
1120.4 2.71
1102.2 2.651
1109.5 2.683
1103.5 2.693
1107.7 2.758
1102.8 2.728
1119.2 2.66
1117.3 2.652
1138.1 2.605
1133.1 2.573
1125 2.577
1131.6 2.569
1153.8 2.591
1146 2.564
1132 2.563
1127.1 2.586
1115.5 2.524
1114.2 2.433
1137.1 2.451
1138.1 2.45
1146.8 2.47
1149 2.474
1144.7 2.498
1156.3 2.502
1164.9 2.535
1165.8 2.498
1180.1 2.518
1187.9 2.453
1183.6 2.43
1173.3 2.442
1178 2.476
1167.6 2.404
1166.6 2.386
1163.3 2.286
1167 2.062
1166.8 2.092
1177.1 2.033
1147.2 2.257
1141.5 2.321
1135.8 2.256
1114.2 2.253
1106.5 2.262
1104.4 2.364
1087.6 2.371
1087.9 2.3
1088.2 2.32
1084.7 2.263
1080.8 2.26
1080.8 2.361
1083.7 2.385
1068.7 2.371
1068.8 2.347
1078 2.276
1076.4 2.145
1066.8 2.21
1074.3 2.2
1070.5 2.206
1056.2 2.212
1065.8 2.235
1063.8 2.231
1054.2 2.165
1061.7 2.181
1084.5 2.186
1076.4 2.067
1076.3 2.07
1077.6 2.062
1073.1 2.015
1076.9 1.99
1064.7 1.894
1062.9 1.822
1078 1.79
1050.8 1.755
1066.2 1.767
1081.9 1.911
1074.8 1.888
1069.4 1.983
1077.2 2.029
1070.5 2.228
1077.5 2.372
1060.1 2.214
1060.3 2.337
1075.1 2.334
1078.4 2.325
1091.9 2.267
1107.7 2.382
1097.8 2.472
1096.5 2.396
1085.6 2.257
1087.5 2.269
1073.9 2.139
1091.5 2.1
1089.9 2.091
1107.1 2.118
1099.1 2.138
1097.2 2.139
1106.2 2.158
1121.7 2.18
1116.1 2.189
1115.6 2.182
1116.4 2.298
1127.9 2.152
1127.3 2.025
1141.3 2.038
1157.6 1.972
1157.8 2.063
1197.9 2.14
1198.7 2.098
1194.7 2.046
1247.9 1.994
1239.1 1.966
1207.9 1.903
1211.1 1.942
1226.1 1.852
1230.4 1.804
1209.5 1.821
1222.3 1.782
1238.7 1.778
1238.2 1.711
1219.8 1.791
1233.9 1.711
1230.3 1.742
1241.1 1.678
1257.4 1.639
1269.9 1.666
1263.2 1.69
1262.1 1.712
1256.6 1.752
1272 1.788
1258.7 1.822
1244.4 1.819
1230.4 1.851
1229.3 1.868
1264.5 1.936
1253.8 1.907
1243.8 1.828
1248.2 1.863
1223.7 1.794
1221.4 1.806
1219.9 1.848
1235.6 1.903
1226.9 1.996
1234.2 1.959
1222.2 1.956
1218 1.998
1228.4 1.954
1222.5 1.911
1236.2 2.018
1242.5 1.99
1256.7 1.912
1259.4 2.004
1246.8 2.036
1225 1.97
1233.1 1.902
1233.6 1.94
1253 2.088
1253.2 2.069
1249 2.068
1228.7 2.14
1238.9 2.063
1242.2 2.032
1249.2 1.995
1265.5 2.078
1289.2 2.178
1294.7 2.042
1290.7 2.086
1273.3 2.141
1271.4 2.076
1292.9 2.101
1265.6 2.098
1263.9 2.158
1274.6 2.173
1270.3 2.155
1271.9 2.096
1273.4 2.029
1276.2 2.048
1273.7 2.001
1254.2 2.039
1252.4 2.062
1251.1 2.055
1228.9 1.98
1223.5 1.992
1220.1 1.963
1214.8 2.288
1211.9 2.381
1209.8 2.405
1240.1 2.398
1244.6 2.466
1244.4 2.474
1259.8 2.468
1270.2 2.617
1273.4 2.556
1284.4 2.585
1285.6 2.604
1285.8 2.595
1296.1 2.58
1292.5 2.623
1290 2.747
1270.5 2.768
1268 2.677
1261.2 2.698
1320 2.662
1322.5 2.716
1315.3 2.917
1323.9 2.863
1318.4 2.924
1336.7 2.987
1356.4 2.764
1364.9 2.786
1360.1 2.777
1356.6 2.801
1355 2.702
1334.1 2.734
1342.4 2.737
1331.3 2.727
1326.5 2.756
1328.4 2.722
1331.5 2.728
1318.8 2.658
1330.5 2.692
1323.1 2.777
1319.3 2.747
1320.7 2.712
1326.6 2.672
1332.3 2.873
1349 2.876
1351.4 2.771
1364.4 2.733
1356.1 2.839
1358.8 2.834
1336.4 2.772
1333.4 2.748
1339 2.615
1344.3 2.561
1342.5 2.551
1335.8 2.586
1340.3 2.59
1350.5 2.617
1342.7 2.619
1351.2 2.674
1340.4 2.584
1337.7 2.679
1340.6 2.761
1324.4 2.796
1320.1 2.846
1321.5 2.871
1322.9 2.853
1311.7 2.827
1306.9 2.887
1312.2 2.792
1322.1 2.792
1349.4 2.717
1344.3 2.676
1336.8 2.806
1330.1 2.797
1321 2.915
1319 2.909
1321.5 2.889
1313.5 2.927
1305.8 2.948
1313.5 2.934
1313.7 3.047
1326.9 3.057
1340.4 2.99
1337.2 2.955
1339.7 2.997
1325.9 2.996
1319.4 2.952
1321.7 2.959
1313.3 2.906
1309 2.923
1266.3 2.964
1265.2 3.041
1249.8 3.049
1248.9 3.193
1253 3.237
1251.1 3.21
1255 3.341
1253.1 3.285
1254.4 3.244
1260.8 3.263
1267.9 3.17
1265.6 3.141
1265.9 2.993
1262 2.831
1271.9 2.774
1264.8 2.731
1267.9 2.764
1275.5 3.105
1271.5 3.026
1286.4 2.902
1306.8 2.792
1302.1 2.769
1303.3 2.767
1278.3 2.816
1273.4 2.633
1272.6 2.69
1265.5 2.632
1221.2 2.749
1224 2.709
1223.4 2.764
1216.5 2.703
1208.5 2.843
1209.6 2.95
1211 2.982
1189.1 3.026
1178.2 3.085
1190.6 3.232
1187.9 3.315
1170.8 3.352
1166.9 3.505
1175.1 3.436
1174 3.654
1167.6 3.635
1175 3.603
1169.8 3.695
1159.4 3.746
1163.5 3.507
1156.7 3.474
1161.3 3.54
1127.8 3.434
1135.3 3.415
1140.5 3.392
1131.5 3.263
1131.1 3.542
1128.8 3.538
1131.9 3.662
1137.3 3.761
1139.4 3.93
1156.4 3.802
1150 3.724
1160.4 3.327
1163.8 3.267
1179.7 3.273
1171.9 3.285
1183.5 3.103
1184.2 3.278
1195.6 3.224
1198.9 3.386
1195.3 3.419
1212 3.412
1211.3 3.302
1200.9 3.368
1204.3 3.204
1215 3.243
1210.3 3.279
1197.3 3.332
1189.5 3.382
1188.1 3.391
1193.2 3.232
1208.6 3.117
1205.6 3.168
1216.7 3.187
1218.5 3.063
1230 3.05
1234.2 3.13
1237.6 3.126
1235.1 3.141
1234.4 3.034
1224.4 2.944
1223.9 2.905
1231.7 2.925
1240 2.854
1237.6 2.834
1237.5 2.564
1232 2.592
1250.2 2.617
1256.9 2.627
1257.4 2.693
1252.6 2.774
1248.9 2.799
1231.9 2.804
1225.5 2.827
1224.5 2.901
1215.1 2.824
1208.5 2.901
1202.4 2.974
1200.7 3.008
1202.4 3.043
1201.9 2.938
1200.1 2.981
1226.5 2.902
1229.8 2.948
1233.6 3.041
1246.1 3.093
1249.3 3.011
1246.9 3.051
1248.2 3.076
1255.4 3.052
1255.3 3.096
1253.4 3.175
1245 3.191
1247.3 3.19
1250.8 3.128
1255 3.293
1245.4 3.266
1250.3 3.331
1254.3 3.261
1251.1 3.238
1271.2 3.15
1275.3 3.187
1285.9 3.227
1289.4 3.163
1291.7 3.145
1281.4 3.185
1281.9 3.159
1287.4 3.101
1275.8 3.066
1265.6 3.043
1262.1 3.142
1263.7 3.239
1266.1 3.276
1253.3 3.215
1255.1 3.195
1246.4 3.228
1226.5 3.186
1224.8 3.266
1225.3 3.172
1214.3 3.227
1217.3 3.292
1222.7 3.376
1226.2 3.424
1228.6 3.349
1235 3.23
1257.5 3.192
1251.7 3.182
1252.7 3.256
1260.7 3.33
1254.8 3.219
1252.4 3.209
1255.8 3.184
1267.6 3.236
1262.1 3.145
1272 3.071
1267 3.008
1276.8 2.999
1279.3 2.982
1294.4 3.042
1290.1 3.02
1276.3 3.028
1268.5 3.039
1266.1 3.024
1265.8 2.966
1272.8 2.933
1252.2 3.056
1254 3.037
1244.2 2.894
1241 2.907
1243.4 2.893
1247.6 2.894
1256.2 2.929
1246.3 3.027
1246.4 3.037
1248 3.067
1244.2 3.042
1240.7 3.035
1217.9 2.951
1220.4 2.84
1222.2 2.888
1208.6 2.864
1212.1 2.929
1213.6 3.047
1218.1 2.985
1216.3 2.961
1226.6 2.98
1232.8 3.02
1241.1 3.088
1241.2 3.066
1244.8 3.043
1254.3 2.97
1253.9 2.899
1251.7 2.944
1249 2.924
1259.6 2.969
1268.4 2.941
1266.6 2.794
1272.6 2.819
1271.8 2.811
1267.8 2.8
1258.3 2.774
1258.2 2.801
1256.4 2.822
1273 2.883
1283.7 2.985
1287.7 2.983
1284.2 2.959
1273.7 2.935
1276.9 2.89
1286.4 2.929
1285.7 2.893
1290.8 2.962
1285.1 2.939
1288.9 2.928
1286.5 2.949
1292.5 2.892
1309.7 2.925
1313.1 2.961
1308.1 2.939
1316.2 3.04
1324.5 3.07
1339.2 2.972
1333.9 3
1345.1 2.981
1346 2.89
1331 2.95
1328 3.001
1323.4 3.058
1324.7 3.07
1320.4 3.024
1306.3 3.146
1306.2 3.122
1312 3.094
1290.6 2.946
1293.3 2.959
1306.8 2.919
1297 2.918
1283.4 2.974
1285.5 3.017
1281.5 3.007
1272.7 2.916
1271.5 2.895
1273.7 2.94
1269.9 2.923
1271.6 2.863
1281.8 2.833
1290.6 2.891
1285.8 2.889
1293.3 2.989
1301.5 3
1299.9 2.946
1283 2.962
1279.9 2.854
1286.9 2.873
1277.4 2.915
1277.7 2.991
1275 2.974
1275.4 2.919
1266.3 2.89
1268.5 2.752
1274.1 2.966
1267 2.896
1274.1 2.893
1274.9 2.935
1266.5 2.984
1279.4 3.134
1273.7 3.152
1281.6 3.175
1285.6 3.2
1272.4 3.213
1277.3 3.167
1281.5 3.102
1276.5 3.08
1277.4 3.053
1295.8 3.097
1274.6 3.047
1281.1 3.017
1291.6 2.968
1286.7 2.813
1293.8 2.928
1294.7 3.074
1282.1 3.179
1273.2 3.025
1278.8 3.061
1274.3 2.985
1261.6 2.914
1262.8 2.922
1249.8 2.763
1245.2 2.772
1243.7 2.828
1238.5 2.678
1245.4 2.715
1253.8 2.684
1254.3 2.612
1262.2 2.745
1260.7 2.692
1266.1 2.637
1267.3 2.598
1275.4 2.667
1284.1 2.643
1287 2.738
1294.1 2.914
1306.3 2.953
1313.7 3.056
1316.2 3.008
1319.4 2.88
1320.3 2.795
1318.6 2.835
1311.7 2.923
1317.4 2.906
1320.6 3.084
1333.4 3.2
1335.4 3.129
1338 3.232
1326 3.189
1331.9 3.185
1330.9 3.224
1335.7 3.444
1355.9 3.509
1362.4 3.447
1351.6 3.505
1335.4 3.195
1339 2.995
1344.3 2.856
1333.7 2.846
1333 2.747
1326.1 2.759
1311.6 2.702
1316.9 2.697
1313.1 2.584
1324.2 2.552
1328.1 2.594
1355.5 2.587
1352.1 2.58
1353.2 2.558
1328.8 2.616
1330 2.659
1330.6 2.634
1328.2 2.625
1330.7 2.639
1315.5 2.683
1315.5 2.667
1302.9 2.698
1321.1 2.695
1318.1 2.704
1333.6 2.749
1326 2.777
1319.9 2.756
1322.4 2.732
1319.4 2.778
1325.9 2.786
1324.4 2.731
1316.8 2.681
1311.3 2.688
1316.8 2.651
1311.1 2.675
1320.7 2.638
1326.6 2.617
1349.3 2.591
1354.4 2.618
1341.3 2.691
1324.2 2.698
1322.8 2.733
1342.1 2.683
1332.8 2.697
1335.8 2.718
1324.3 2.675
1331.9 2.701
1336.3 2.693
1342 2.656
1356.5 2.675
1338.4 2.686
1344.8 2.735
1347.5 2.752
1347.2 2.738
1351.2 2.739
1346.8 2.66
1336.7 2.739
1322.5 2.74
1331.4 2.781
1321.2 2.786
1316.3 2.821
1320.3 2.771
1316.2 2.763
1303.8 2.802
1302.6 2.754
1310.7 2.726
1312.7 2.711
1312.2 2.741
1312 2.732
1311.3 2.737
1320.8 2.814
1319 2.806
1316.5 2.842
1288.9 2.836
1290.2 2.815
1288.2 2.859
1290.2 2.847
1290.2 2.81
1291.7 2.908
1289.3 2.914
1303.7 2.94
1303.3 2.939
1298.7 2.875
1301.5 2.885
1300.1 2.952
1294.8 2.962
1293.1 2.93
1297.5 2.89
1297.1 2.896
1298.7 2.93
1298.1 2.89
1298.9 2.949
1295.1 2.939
1296.9 2.963
1304 2.965
1274.6 3.022
1276.2 2.951
1275.6 2.9
1271.2 2.964
1267.2 2.975
1267.4 2.945
1265.6 2.923
1256.6 2.939
1252.8 2.996
1247.8 2.94
1251.3 2.924
1239.8 2.862
1251.6 2.87
1257.3 2.837
1254.3 2.858
1258.1 2.828
1253.8 2.788
1242.8 2.829
1245 2.797
1239.6 2.752
1238.1 2.759
1225.7 2.74
1226.3 2.721
1222.4 2.769
1229.5 2.757
1224 2.721
1223.9 2.732
1231.4 2.775
1225.3 2.78
1222.6 2.822
1221.3 2.797
1223.7 2.782
1217.9 2.758
1210.6 2.816
1214.2 2.853
1208.6 2.86
1209.6 2.897
1212.6 2.949
1211.9 2.955
1211.1 2.944
1191.3 2.93
1193 2.959
1177.5 2.94
1176.2 2.908
1176.5 2.946
1186.8 2.941
1192.6 2.98
1196.3 2.956
1187 2.964
1206.3 2.917
1209 2.876
1207.4 2.852
1204.5 2.895
1197.7 2.874
1200.3 2.916
1192.7 2.823
1194.9 2.795
1197.9 2.772
1193.6 2.776
1193 2.804
1195.4 2.828
1204.7 2.829
1202 2.817
1195 2.767
1199.7 2.814
1196.8 2.933
1202.2 2.908
1206.2 2.976
1196.2 2.977
1199.3 3.038
1200 3.082
1194 3.021
1182.3 3.056
1191.5 3.008
1187.1 3.094
1202.4 3.166
1198.3 3.23
1197.2 3.165
1201.2 3.143
1184.4 3.267
1187.2 3.266
1189.3 3.284
1223.5 3.222
1218.1 3.161
1226.4 3.242
1227.3 3.239
1223.7 3.32
1226.5 3.198
1225.3 3.25
1221.2 3.138
1233.4 3.212
1227.8 3.166
1229.1 3.202
1232.5 3.185
1224.5 3.185
1222.6 3.187
1212.3 3.261
1236 3.237
1230.9 3.284
1229.8 3.567
1223.8 3.555
1226.2 3.555
1222.9 3.543
1206.4 3.719
1201.3 3.788
1199.2 4.101
1207.9 4.837
1212.8 4.038
1220.8 4.272
1223.1 4.7
1219 4.523
1225.8 4.451
1221 4.308
1220.2 4.248
1211.2 4.262
1221.4 4.715
1224.1 4.646
1220.2 4.612
1233.9 4.339
1241.1 4.457
1238.1 4.327
1246.8 4.488
1243.7 4.545
1241.9 4.407
1244.4 4.136
1242.7 4.124
1237 3.827
1252.1 3.726
1263.6 3.583
1253.8 3.816
1267.5 3.467
1269.2 3.543
1277.3 3.642
1279.9 3.303
1278.3 2.94
1281 2.958
1291.8 2.945
1282.7 3.044
1286.8 2.944
1283.2 2.967
1289.3 2.984
1284.7 2.969
1287.1 3.099
1289.1 3.591
1286.2 3.501
1291.6 3.384
1291 3.413
1281.3 3.482
1282.5 3.04
1283.1 2.98
1279.1 3.099
1297.4 3.178
1302.4 2.911
1308.2 2.95
1309.9 2.854
1319.7 2.814
1316.9 2.734
1314.3 2.66
1314.2 2.662
1309.5 2.662
1309.4 2.551
1313.7 2.583
1307 2.642
1309.2 2.688
1310.8 2.575
1309.8 2.573
1318.1 2.625
1340.1 2.662
1343.3 2.636
1323.5 2.697
1329.2 2.717
1325.9 2.836
1325.1 2.855
1317.7 2.799
1312.8 2.812
1296.4 2.859
1284.8 2.857
1282 2.884
1284.9 2.841
1283.8 2.866
1297 2.865
1288.8 2.772
1296.3 2.784
1307.5 2.82
1293.4 2.855
1301.8 2.795
1300.3 2.85
1305 2.874
1300.5 2.82
1306.1 2.821
1311.6 2.753
1321.9 2.755
1314.3 2.74
1309.9 2.713
1289.8 2.712
1293 2.662
1288.4 2.708
1290 2.684
1289.9 2.677
1289 2.643
1290.4 2.664
1297.1 2.708
1303.5 2.699
1309.1 2.7
1288.6 2.664
1290.6 2.66
1286.8 2.59
1272.6 2.572
1272.2 2.517
1271.9 2.49
1273.5 2.524
1269.3 2.455
1275.5 2.462
1275.8 2.514
1284.9 2.566
1278.6 2.593
1282.8 2.575
1281.4 2.62
1269.7 2.589
1279.2 2.567
1281.7 2.524
1283.5 2.537
1279.4 2.61
1283.5 2.595
1285.7 2.619
1300.1 2.621
1294.7 2.659
1296.3 2.601
1285 2.639
1274.5 2.631
1276.1 2.673
1272 2.613
1273.6 2.543
1284.8 2.578
1283 2.598
1276.5 2.582
1280.6 2.633
1287.1 2.547
1305.8 2.454
1322.7 2.403
1323.4 2.416
1328.3 2.378
1337.6 2.324
1341.2 2.337
1324.7 2.357
1326.4 2.399
1331.9 2.386
1339.2 2.325
1340.1 2.387
1338.7 2.386
1346.6 2.328
1344.6 2.276
1392.9 2.185
1396.2 2.186
1414.3 2.303
1414.9 2.308
1411.6 2.291
1408.4 2.324
1409.7 2.308
1385.6 2.267
1404.6 2.24
1417.7 2.29
1396.7 2.418
1397 2.403
1397.5 2.425
1410.1 2.444
1404.3 2.416
1409.9 2.453
1411.4 2.408
1409.2 2.306
1421.3 2.304
1426.1 2.287
1425.1 2.251
1425.3 2.312
1420.1 2.3
1422.8 2.22
1413.9 2.244
1418.5 2.169
1419.6 2.141
1429.7 2.137
1426.1 2.233
1420.9 2.202
1445.6 2.121
1464.6 2.07
1472.4 2.111
1507.3 2.083
1497.7 2.128
1496.6 2.119
1505.3 2.105
1502.2 2.147
1515.9 2.143
1519.6 2.232
1512.5 2.2
1500.4 2.21
1504.6 2.218
1504.6 2.17
1497.3 2.159
1526.6 2.152
1526.3 2.23
1541 2.202
1537.8 2.251
1526.5 2.296
1519.1 2.285
1545.9 2.358
1550.3 2.445
1515.4 2.435
1506.2 2.496
1502.2 2.585
1490.3 2.58
1494.4 2.552
1498.7 2.574
1490.9 2.614
1503.1 2.681
1505.1 2.668
1507.5 2.637
1498.4 2.538
1507.3 2.534
1523.7 2.527
1532.1 2.503
1504.6 2.502
1507.5 2.428
1499.1 2.404
1465.7 2.33
1482 2.283
1501 2.247
1507.1 2.329
1506.2 2.352
1497.7 2.303
1497.2 2.288
1506.1 2.234
1494.8 2.218
1482.7 2.214
1491.7 2.28
1477.6 2.339
1488 2.303
1492.3 2.318
1488.2 2.32
1482.4 2.238
1481.7 2.272
1489.9 2.282
1498.9 2.316
1499.5 2.3
1490 2.446
1487 2.597
1493.2 2.691
1511.4 2.633
1508 2.714
1508 2.821
1480.8 2.862
1490.2 2.828
1464.2 2.772
1461.3 2.789
1455.5 2.637
1452.1 2.621
1461.7 2.6
1471.8 2.647
1467.3 2.688
1470.9 2.566
1473.3 2.51
1473.3 2.559
1463.1 2.567
1463.1 2.665
1456.6 2.531
1459.8 2.47
1453.4 2.501
1465.6 2.281
1462.3 2.329
1478.2 2.441
1474 2.399
1476.9 2.427
1459.1 2.334
1459.3 2.232
1462.6 2.264
1469.4 2.243
1466.7 2.328
1475.6 2.296
1475 2.341
1474.6 2.319
1472.6 2.286
1478.2 2.273
1474.7 2.328
1482.5 2.214
1499.1 2.172
1509.3 2.294
1513.8 2.158
1514.5 2.186
1519.5 2.189
1524.5 2.122
1549.2 2.13
1566.2 2.135
1571.8 2.162
1557.4 2.141
1551.7 2.166
1557.5 2.202
1548.4 2.182
1542.4 2.187
1552.1 2.12
1549 2.077
1558.8 2.003
1556.4 1.895
1555.3 1.905
1564.6 1.926
1571.1 1.893
1576.8 1.902
1569.2 1.934
1569.8 1.877
1583.5 1.829
1582.9 1.841
1577.2 1.819
1550.4 1.872
1557.8 1.861
1565.1 1.862
1568.6 1.858
1574.7 1.766
1565.6 1.788
1567.4 1.844
1575.1 1.826
1582.7 1.837
1600 1.981
1607.5 1.955
1616.6 1.92
1644.6 1.905
1672.4 1.827
1646.9 1.847
1640 1.821
1640 1.752
1564.1 1.684
1592.3 1.756
1642.1 1.8
1641.1 1.827
1666.4 1.772
1670.8 1.708
1674.5 1.778
1659.1 1.936
1641.4 1.878
1589.3 1.841
1515.7 1.869
1485.9 1.815
1524.9 1.729
1477.3 1.604
1478.6 1.654
1484 1.604
1567 1.602
1660.2 1.653
1632.3 1.659
1650.1 1.637
1623.9 1.634
1622 1.69
1583.4 1.64
1578.2 1.587
1625.7 1.552
1633.7 1.621
1677 1.731
1664.8 1.852
1665.4 1.783
1736.2 1.733
1744.8 1.724
1756.7 1.65
1727.2 1.598
1720.4 1.686
1689.2 1.753
1701.6 1.924
1678.2 1.821
1728.7 1.939
1733.3 1.815
1723.5 1.746
1711.9 1.819
1710.5 1.794
1703.4 1.869
1684.2 1.949
1694.5 1.89
1706.9 1.993
1704.4 2.134
1684.2 1.944
1721.8 1.894
1709.9 1.823
1695.3 1.826
1704.4 1.72
1713.9 1.616
1738.1 1.681
1753.4 1.646
1731.8 1.783
1744.2 1.83
1750.6 1.771
1720.5 1.71
1734.6 1.731
1704.8 1.793
1710.3 1.722
1713.3 1.827
1736.9 1.849
1737.8 1.774
1725.2 1.777
1697.8 1.821
1718.9 1.822
1676.2 1.782
1698.3 1.789
1714.7 1.767
1713.3 1.78
1732 1.813
1729.3 1.731
1720.3 1.669
1729.6 1.614
1729.2 1.638
1724.8 1.638
1745.9 1.669
1756.7 1.664
1772.1 1.637
1765.8 1.597
1762.1 1.482
1772.5 1.495
1774.8 1.709
1793 1.751
1773.2 1.671
1784 1.734
1788.5 1.83
1804.2 1.876
1815.5 1.824
1799.2 1.779
1798.2 1.805
1811 1.739
1810.6 1.746
1811.4 1.778
1798.7 1.723
1808.3 1.718
1815.9 1.641
1842.4 1.675
1864.1 1.681
1889.1 1.785
1897.3 1.808
1931 1.734
1944.7 1.8
1953.5 1.854
1942.3 1.829
1962.8 1.799
1966 2.101
2001.2 2.193
2031.1 2.191
2051.5 2.165
2010.1 2.238
2024.4 2.153
1932.6 2.171
1934.9 2.152
1956.7 2.182
1937 2.356
1985 2.339
1999.4 2.417
1958.7 2.426
1933.8 2.352
1934.6 2.448
1927.7 2.513
1911.8 2.489
1940.7 2.461
1921.6 2.579
1964.6 2.657
1967.6 2.63
1968.2 2.527
1934.4 2.486
1927.6 2.487
1923.9 2.588
1933 2.4
1944.7 2.406
1954.2 2.323
1937.8 2.269
1953.1 2.31
1956.3 2.362
1960.2 2.267
1940 2.042
1952.1 2.048
1901.2 1.835
1898.6 1.834
1859.9 2.125
1868.3 2.248
1857.7 2.139
1872.8 2.101
1894.3 2.561
1887.5 2.527
1908.4 2.527
1900.2 2.438
1912.5 2.615
1901.1 2.52
1883.6 2.606
1888.6 2.627
1919.5 2.741
1922.5 2.881
1888.5 2.855
1901.3 2.636
1903.2 2.775
1900.8 2.773
1906.4 2.795
1910.4 2.913
1924.6 3.023
1901.1 3.007
1902 2.971
1902.7 3.024
1908.8 3.019
1876.2 2.996
1865.6 3.301
1877.4 3.354
1890.4 3.244
1908.5 3.059
1894.6 3.046
1945.3 2.942
1950.3 2.888
1853.2 2.859
1875.4 2.949
1860.7 3.031
1872.6 2.976
1885.7 2.995
1887.3 2.697
1884.5 2.692
1873.5 2.712
1861.1 2.592
1872.6 2.65
1837.8 2.711
1804.8 2.775
1805.7 2.896
1781.9 2.843
1775.7 2.882
1814.1 2.88
1825.7 2.78
1836.8 2.507
1835.9 2.575
1861.8 2.406
1870.8 2.399
1834.6 2.442
1833.6 2.553
1839.8 2.591
1828.7 2.682
1852.3 2.682
1856.1 2.677
1887.2 2.636
1885.7 2.7
1879.2 2.705
1866.6 2.78
1874.7 2.608
1879.9 2.518
1877.2 2.305
1879.7 2.467
1891 2.422
1893.1 2.539
1944.7 2.581
1952.7 2.702
1906.9 2.716
1912.3 2.729
1834.1 2.7
1849.6 2.747
1842.9 2.753
1853.6 2.727
1850.3 2.666
1829.3 2.737
1839.5 2.546
1865.9 2.539
1865.3 2.491
1855.7 2.446
1854.9 2.602
1850.7 2.656
1844.9 2.76
1837.9 2.664
1847.3 2.564
1860.8 2.85
1830.5 2.845
1832.2 2.789
1788.9 2.935
1810.9 2.863
1831.9 2.882
1835.3 2.835
1840.6 2.911
1824.9 2.868
1821.6 2.912
1797.2 3.129
1771.1 3.219
1773.4 3.082
1775.8 3.069
1806.7 2.953
1804.4 2.879
1796.4 2.854
1774.4 2.777
1728.1 2.771
1722.5 2.777
1733.1 2.839
1715.3 2.816
1700.2 2.746
1698 2.701
1677.7 2.664
1716.6 2.662
1721.5 2.692
1722.3 2.668
1719.5 2.6
1728.9 2.484
1730.6 2.562
1726.8 2.528
1732.2 2.481
1741.4 2.535
1737.8 2.582
1724.7 2.508
1732.9 2.518
1724.9 2.57
1732.2 2.557
1712.1 2.586
1683.9 2.623
1713.8 2.608
1726.5 2.639
1727 2.511
1741.5 2.456
1740.1 2.52
1756.8 2.522
1743.3 2.526
1731.2 2.561
1746.2 2.619
1734.9 2.618
1765.4 2.658
1779 2.68
1769.4 2.749
1777.3 2.727
1792.3 2.692
1781.2 2.749
1777 2.73
1779.2 2.79
1778 2.873
1773.2 2.925
1768.1 2.911
1767.3 2.931
1791.4 2.966
1775.8 2.967
1784.1 2.938
1815.5 2.928
1831.1 2.958
1837.5 2.932
1835.9 2.955
1822.6 2.969
1823.8 2.973
1837.9 2.961
1867.5 3.109
1867.8 3.012
1881.3 2.964
1881.8 2.925
1876.7 2.906
1884.6 2.886
1898.1 2.913
1901.3 2.984
1895.7 2.958
1902.5 2.986
1902.9 3.104
1907.5 3.075
1871.2 3.041
1889.8 3.097
1896.8 3.07
1892.2 3.128
1893.2 3.129
1894.2 3.149
1877.4 3.296
1864 3.352
1854.5 3.24
1859.5 3.251
1773.8 3.253
1767.9 3.215
1781.8 3.191
1776.3 3.258
1782.3 3.333
1775.6 3.418
1776.6 3.496
1779.6 3.617
1762.8 3.63
1770.8 3.65
1775.9 3.661
1782.6 3.7
1793.5 3.637
1801.5 3.596
1799.6 3.688
1810 3.674
1805.5 3.749
1809.4 3.696
1824.3 3.66
1828.4 3.614
1814.5 3.674
1808.7 3.779
1810.9 3.876
1802.9 3.959
1805 4.003
1801.4 4.06
1798.7 4.102
1799.5 3.971
1799.5 4.044
1831.2 4.059
1812.6 3.914
1818.1 3.935
1810.1 4.027
1810.5 4.158
1805.1 4.14
1760 4.14
1723.4 4.06
1728.8 4.089
1750.4 4.059
1749 3.933
1775.2 3.861
1786.9 3.946
1785 3.837
1781.6 3.852
1780.2 3.83
1781 3.851
1803.2 3.945
1805.6 3.896
1788.2 3.897
1792.2 4.184
1816.6 4.37
1809 4.305
1815 4.377
1813.1 4.615
1808.7 4.641
1830.9 4.712
1795.9 4.568
1790.7 4.914
1797.4 5.031
1789.6 4.938
1792 5.231
1804.7 5.26
1792.4 5.46
1754.6 5.335
1749.4 5.105
1761.8 4.985
1776 4.805
1776.7 4.805
1747.7 4.976
1749.7 5.14
1750 5.706
1735.8 5.841
1721.5 5.477
1755.3 5.867
1757 5.619
1766.2 5.766
1759.6 6.312
1760.5 5.675
1757.9 5.677
1756.3 5.565
1754.6 5.345
1758.3 5.505
1793.7 5.59
1796.7 5.687
1767.2 5.41
1764.8 4.989
1769.7 5.088
1784.1 5.17
1781.2 5.115
1795.5 5.28
1806 5.898
1792.7 5.882
1797.9 6.202
1801.6 5.782
1783 5.426
1795.1 5.186
1788.7 5.542
1763.6 5.67
1793 5.716
1816.4 5.516
1827.4 5.427
1830.2 4.979
1847.6 4.88
1863.2 5.149
1867.9 4.791
1866.1 5.017
1853.6 5.177
1869.7 4.816
1861 4.902
1851.2 5.065
1806 4.789
1783.5 4.967
1784.1 5.068
1785.3 5.447
1782.3 4.854
1773.6 4.567
1781.6 4.258
1760.7 4.056
1782 4.132
1777.5 3.657
1782.6 3.708
1783.4 3.815
1774.6 3.814
1782.9 3.925
1786.3 3.794
1770.4 3.747
1762.6 3.802
1796.6 3.766
1803.8 3.69
1793.7 3.834
1787.9 3.869
1801.6 3.976
1811.2 3.731
1808.1 4.06
1810.2 4.055
1805.1 4.024
1812.7 3.561
1827.5 3.73
1799.4 3.815
1814 3.717
1824.6 3.882
1788.7 3.812
1797 3.916
1798.4 4.079
1818.6 4.249
1827.2 4.857
1821.2 4.27
1816.5 4.262
1812.3 4.283
1843.1 4.031
1842.5 3.802
1831.8 3.999
1841.7 4.027
1852.7 4.053
1829.9 4.277
1793.3 6.265
1784.9 4.639
1795 4.874
1800.3 4.751
1809.2 5.501
1803 4.888
1806.6 4.572
1820.6 4.232
1826.6 4.248
1835.2 4.009
1836.2 3.959
1840.8 3.941
1868 4.195
1854.8 4.306
1870.2 4.717
1900.7 4.486
1898.6 4.431
1906.1 4.498
1909.2 4.623
1925.1 4.568
1886.5 4.47
1899.4 4.402
1942.4 4.573
1920.9 4.762
1934.4 4.722
1965.1 5.016
1993.9 4.833
2040.1 4.527
1985.9 4.526
1998.1 4.631
1982.7 4.725
1959.6 4.658
1928.5 4.568
1908 4.748
1942.1 4.99
1928.2 4.863
1928.6 4.9
1920.7 5.187
1936.6 5.232
1961.6 5.401
1953.8 5.571
1939.6 5.508
1912 5.336
1933.5 5.605
1949.2 5.642
1919.1 5.72
1929.2 5.712
1922.9 6.032
1918.4 6.029
1933.8 6.359
1941.6 6.278
1944.3 6.643
1972.1 6.68
1981 6.997
1970.9 7.3
1982.9 7.82
1955.7 7.176
1952.3 6.937
1944.9 6.957
1931 6.534
1893.2 6.669
1901.4 6.85
1885.9 7.267
1888.7 6.888
1909.3 7.244
1861.8 7.475
1868.8 7.954
1867 8.415
1874 8.783
1881.2 8.043
1857.1 7.026
1839.9 7.385
1852.6 7.64
1823.8 7.739
1807.4 7.663
1813.5 7.956
1818.2 8.304
1815.9 8.368
1841.2 8.308
1841.8 8.083
1847.8 8.744
1865.1 8.796
1846.2 8.971
1847.4 8.908
1851.3 8.727
1842.7 8.145
1843.3 8.696
1866.5 8.485
1845.4 8.523
1839.2 9.322
1847.5 9.293
1851.9 8.699
1848.8 8.963
1871.5 8.85
1828 8.609
1809.5 7.189
1815.3 7.42
1845.7 7.464
1835.6 6.944
1834.6 6.808
1834.3 6.858
1825.7 6.239
1826.5 6.22
1820.9 6.501
1817.5 6.551
1813.7 6.498
1804.1 5.424
1798.9 5.73
1761.8 5.523
1734.9 5.51
1737.9 6.297
1740.6 6.034
1730 6.426
1723.3 6.163
1734.2 6.689
1704.5 6.6
1702.4 7.016
1709.2 7.479
1710 7.264
1699.5 8.007
1712.7 7.932
1727.1 8.299
1719 8.727
1717.7 8.993
1719.1 8.687
1750.3 8.134
1762.9 8.229
1769 8.283
1771.1 7.706
1758 8.266
1788.5 8.122
1772.9 8.064
1786.8 7.589
1794 7.833
1795.6 8.202
1789.7 8.874
1798.6 8.768
1781.4 8.728
1773.2 9.329
1760.3 9.244
1755.3 9.188
1747.6 9.336
1734 9.68
1746.8 9.193
1747.8 9.33
1757.7 9.375
1736.1 9.296
1736.6 9.353
1723.2 9.042
1712.8 9.127
1696.6 9.262
1709.8 8.786
1700.4 8.145
1715.3 7.842
1708 7.915
1716.2 7.996
1728.1 8.249
1705 8.284
1696.5 9.114
1665.4 8.324
1671.7 7.764
1666.2 7.752
1659.7 7.717
1664.6 7.779
1670.8 7.089
1645.3 6.828
1623.3 6.903
1626.7 6.651
1660.4 6.868
1658.5 6.874
1662.4 6.766
1692.9 6.47
1721.1 6.837
1711.4 6.93
1711.7 6.972
1700.5 6.748
1667.3 6.435
1678.7 6.596
1670.3 6.435
1670 6.741
1641.7 6.453
1657 5.999
1649 5.745
1627.5 5.462
1630.8 5.358
1651 4.959
1648.7 5.199
1652.8 5.613
1664 5.606
1660.7 5.186
1639.6 5.684
1635.9 6.355
1645 5.714
1645.7 6.268
1627.3 5.975
1672.5 6.4
1676.5 6.944
1712.1 6.138
1710.1 5.865
1750.3 6.239
1766 5.879
1773.6 5.933
1773.8 6.034
1773 6.2
1760.8 6.369
1751.9 6.303
1737.4 6.776
1738.3 6.779
1744.9 7.308
1753.3 7.024
1740.1 6.712
1748.4 7.235
1746 6.93
1801.1 6.738
1795.9 6.281
1767.4 5.577
1769.3 5.469
1785.5 5.723
1788.7 5.962
1798.1 6.245
1780.5 6.587
1813.9 6.935
1807.5 6.43
1777.2 6.97
1790 6.6
1787.7 5.851
1815.9 5.326
1815.9 5.332
1787 4.999
1795.9 5.079
1814.8 5.282
1807.9 4.709
1819.5 4.559
1819.7 4.475
1839.7 3.988
1852.8 4.172
1834.8 3.72
1864.2 3.71
1872.7 3.91
1871.6 3.639
1874.6 3.671
1895.5 3.695
1918.4 3.419
1907.2 3.586
1904.4 3.311
1922.1 3.275
1926.4 3.174
1927.1 3.447
1933.9 3.258
1941.2 3.067
1929.1 2.944
1928.6 3.109
1922.9 2.677
1929.5 2.684
1927.8 2.468
1916.3 2.456
1862.9 2.41
1866.2 2.457
1871.7 2.584
1877.4 2.396
1866.2 2.43
1862.8 2.514
1851.9 2.405
1854 2.567
1834.2 2.471
1842 2.389
1840.4 2.275
1833 2.073
1832 2.174
1818 2.314
1808.8 2.451
1817 2.731
1828.9 2.747
1837.7 2.811
1833.5 2.765
1847.7 3.009
1847.9 2.572
1813.9 2.687
1812.7 2.551
1829.3 2.543
1862 2.43
1911.7 2.606
1906.2 2.573
1926.6 2.439
1919 2.514
1969.8 2.338
1979.2 2.223
1938 2.348
1946.8 2.171
1993.8 2.154
1982.1 2.216
1952.4 2.088
1972.4 2.03
1966.1 1.991
1980.3 2.104
1969 2.216
1983.9 2.097
2022.2 2.106
2020.9 2.155
2011.9 2.011
1989.1 2.172
2004.8 2.186
2010.9 2.093
2041.3 2.007
2002.2 2.114
1994.2 2.275
2007.4 2.366
1995.2 2.222
2007.6 2.249
1979.5 2.233
1989.1 2.273
1994 2.307
1985.7 2.117
1989.9 2.355
1990.1 2.41
1983.4 2.318
2014.3 2.214
2028.6 2.17
2048 2.101
2017.4 2.137
2026.3 2.238
2036.2 2.267
2030.5 2.191
2014.7 2.19
2014.5 2.266
2018 2.375
1988.4 2.376
1980.7 2.365
1956.5 2.592
1978.7 2.585
1974.8 2.4
1972.4 2.321
1962.8 2.398
1943.1 2.307
1944.1 2.181
1958 2.327
1963.9 2.266
1978 2.158
1952.4 2.172
1958 2.245
1965.5 2.262
1942.7 2.329
1963.6 2.352
1962.2 2.254
1955.3 2.266
1944.6 2.34
1955.3 2.342
1957.8 2.533
1958.4 2.632
1935.5 2.492
1933.3 2.597
1912.7 2.608
1919.1 2.729
1923.7 2.791
1914 2.763
1912.3 2.603
1909.2 2.701
1921.1 2.798
1921.7 2.709
1919.6 2.657
1908.7 2.609
1926.2 2.582
1925 2.669
1931.3 2.731
1956.2 2.632
1959.2 2.545
1960.1 2.539
1952.4 2.512
1977.2 2.629
1977.5 2.603
1968.3 2.757
1964.3 2.713
1960.3 2.685
1962.1 2.73
1968.9 2.665
1945.4 2.492
1960.4 2.638
1970.5 2.634
1940.7 2.56
1937.4 2.477
1932 2.565
1939.6 2.577
1933.5 2.725
1924.1 2.777
1915.4 2.959
1914.4 2.763
1912.9 2.77
1910.6 2.795
1902.5 2.659
1896.1 2.592
1884.1 2.621
1886.1 2.551
1893.3 2.632
1896.4 2.56
1918.5 2.497
1918.2 2.519
1911.1 2.54
1917.9 2.579
1936.5 2.556
1944.3 2.796
1938.2 2.768
1939.8 2.765
1926.2 2.582
1918.1 2.51
1917.5 2.579
1918.4 2.605
1923.3 2.608
1911.3 2.743
1909.1 2.68
1910 2.708
1923.7 2.644
1931.5 2.728
1932 2.848
1945.6 2.733
1919.2 2.61
1925.4 2.637
1916.6 2.639
1900.4 2.656
1871.6 2.764
1860.4 2.945
1848.1 2.929
1830 2.84
1824.6 2.949
1818.5 2.962
1816.6 3.166
1830.2 3.338
1849.5 3.376
1861 3.382
1872.8 3.377
1869.3 3.344
1927.4 3.236
1921.1 3.109
1922.7 3.079
1955.3 3.056
1968.4 2.957
1982.5 2.899
1976.3 2.926
1975 2.971
1984.1 3.01
1987.2 3.214
1988.6 3.164
1996.2 3.352
1985.2 3.575
1978.8 3.494
1985.6 3.472
1991.5 3.515
1981.6 3.264
1966.8 3.14
1951.5 3.106
1964.2 3.041
1932.6 3.033
1945.5 3.197
1961.8 3.106
1960.1 3.19
1983.9 3.062
1981.6 2.96
1977.7 2.882
1999.3 2.846
1991.4 2.897
2002.2 2.855
2011.8 2.794
2039.7 2.706
2047.1 2.804
2038.1 2.802
2071 2.814
2024.1 2.694
2018.5 2.71
2030.5 2.569
2029.9 2.585
1998.3 2.581
1978 2.431
1977.8 2.311
1982.3 2.335
2030.2 2.392
2021.1 2.491
2026.3 2.503
2038.4 2.492
2034.5 2.447
2039.1 2.572
2057.1 2.61
2058.2 2.55
2081.9 2.619
2073.9 2.557
2062.4 2.514
2064.4 2.568
2034.2 2.668
2042.3 2.821
2042.4 2.893
2026.6 2.98
2026.4 3.19
2021.7 3.039
2014.3 3.097
2046.7 3.313
2026 2.9
2002.6 2.87
2018.6 2.697
2026.5 2.519
2019.8 2.419
2023.7 2.45
2013.9 2.641
2016.9 2.571
2016.8 2.712
2025.2 2.49
2031.5 2.077
2048.4 2.1
2053 2.05
2036.1 2.079
2025.7 2.082
2034.5 2.009
2035.2 1.967
2032.2 1.917
2023.3 1.847
2018.2 1.768
1992.9 1.689
1990.3 1.609
2002.1 1.581
2011.5 1.609
2027.5 1.576
2022.3 1.773
2019.7 1.732
2038.6 1.603
2028.5 1.659
2034 1.615
2033 1.885
2045.7 1.86
2086.9 1.835
2117.7 1.916
2133.5 1.957
2150.3 1.929
2158 1.818
2178.6 1.805
2182.5 1.759
2160.4 1.714
2175.4 1.658
2163 1.741
2157.3 1.655
2160.7 1.703
2156.3 1.744
2157.9 1.699
2182.4 1.683
2158.1 1.659
2174.8 1.615
2175.6 1.575
2190.6 1.718
2217.4 1.763
2236.5 1.837
2261 1.862
2294.4 1.841
2288.8 1.774
2325.7 1.785
2331.7 1.844
2343.5 1.872
2329.6 1.885
2354.8 1.764
2356.2 1.77
2365.8 1.691
2390.8 1.732
2371.7 1.712
2382.3 1.757
2398.4 1.752
2332.2 1.791
2327.7 1.812
2324.5 1.653
2329.8 1.638
2334.8 1.614
2345.4 2.03
2291.4 1.991
2299.9 1.932
2299.2 2.035
2299 2.142
2321.6 2.195
2315.2 2.207
2313.6 2.187
2332.1 2.301
2367.3 2.252
2336.1 2.381
2353.4 2.344
2388.7 2.416
2380 2.495
2412.2 2.626
2433.9 2.751
2421.7 2.671
2389.2 2.842
2335 2.657
2332.5 2.52
2355.2 2.59
2340.3 2.493
2342.9 2.572
2322.9 2.587
2346.6 2.756
2325.5 2.586
2354.1 2.757
2370.3 2.821
2305.2 2.918
2307.7 2.906
2307.5 3.129
2336 3.045
2300.2 2.959
2331.4 2.881
2312.4 2.788
2330.4 2.909
2353.8 2.741
2316.4 2.705
2330 2.811
2316.6 2.756
2299.2 2.628
2324.5 2.685
2327.7 2.601
2327.6 2.478
2323 2.435
2359.8 2.418
2388.5 2.319
2355.2 2.366
2360.1 2.344
2372.2 2.329
2415 2.268
2414 2.329
2422.9 2.158
2462.4 2.188
2454.8 2.035
2451.8 2.125
2395.5 2.128
2392 2.251
2404.6 2.187
2413.3 2.117
2351.9 2.041
2380 2.006
2377.3 1.907
2405 2.126
2426.5 2.036
2435 1.968
2425.7 1.967
2401.7 1.942
2389.1 2.01
2390.5 2.112
2422.2 2.127
2432.1 2.143
2462.4 2.189
2466.7 2.148
2439.4 2.219
2453.1 2.197
2498.6 2.123
2501.8 2.235
2511.3 2.198
2508.4 2.177
2478.9 2.053
2508.4 2.022
2517.7 1.956
2516 1.904
2501 1.93
2525.7 2.137
2493.8 2.127
2489.9 2.203
2493.4 2.145
2511.4 2.254
2493.5 2.275
2501.8 2.17
2512.3 2.232
2512.1 2.27
2551.2 2.357
2581.3 2.305
2580.4 2.373
2564.3 2.324
2570.7 2.284
2588 2.348
2619.9 2.434
2626.5 2.613
2651.2 2.551
2659.2 2.637
2669.9 2.585
2644.3 2.902
2636.1 2.923
2667.3 2.896
2647.1 2.886
2657.1 2.97
2645.8 2.854
2644.8 2.746
2615 2.733
2606 2.66
2620.6 2.675
2657.6 2.632
2647.8 2.494
2661.4 2.498
2674 2.367
2691 2.347
2713.7 2.258
2723.1 2.312
2744.2 2.311
2714.4 2.342
2734.9 2.522
2740.9 2.56
2742.9 2.309
2768.4 2.346
2788.5 2.845
2738.3 2.707
2738.6 2.663
2736.1 2.781
2740.3 2.67
2667.6 2.747
2698.4 2.693
2687.5 2.669
2611.2 2.92
2600 2.907
2580.8 2.983
2568.2 2.785
2565.7 2.823
2610.6 2.973
2627.1 2.998
2648.2 3.193
2672.1 3.339
2709.9 3.129
2616.8 3.369
2620.3 3.431
2639.9 3.204
2657 3.363
2634.9 3.213
2644.7 3.042
2653.8 3.043
2626.6 3.079
2638.6 3.076
2664.9 3.182
2697.6 3.163
2733.8 3.378
2687.5 3.455
2656 3.28
2651.4 3.214
2644.4 3.308
2636.5 3.374
2592.2 3.584
2628.7 3.748
2612.3 3.656
2620 3.946
2638.8 3.715
2617.2 3.514
2606.1 3.936
2629.2 3.633
2658.9 3.66
2645 3.354
2638.4 3.672
2656.7 3.449
2664.5 3.651
2683.8 3.701
2708.5 3.989
2673.5 3.934
2677.5 3.968
2712.5 4.083
2746.4 4.258
2744.3 3.948
2755 3.756
2767.6 3.96
2763.1 3.945
2777.3 4.027
2737.5 3.697
2766.8 3.471
2769.1 3.535
2823 3.047
2812.5 3.044
2833.9 3.352
2853.3 3.253
2871.6 3.36
2856 3.408
2867.3 3.309
2914.3 3.444
2912.5 3.519
2909 3.565
2925.9 3.628
2883.6 3.725
2931.6 4.007
2919.4 4.28
2940 4.152
2937.6 4.234
2947.9 3.994
2904.5 4.174
2916.8 3.906
2883.2 3.934
2836.8 3.834
2890.2 4.122
2909.6 4.35
2915.3 4.45
2916.6 4.302
2904.7 4.399
2891 4.491
2912.9 4.453
2939.1 4.084
2984.3 4.111
2994.5 4.104
3000 4.018
3035.1 4.052
3035.9 4.247
3040 3.975
3018.2 3.98
3013.1 3.914
3023.7 3.84
3020.9 3.861
3060.2 3.95
3086.5 4.065
3122.8 4.119
3163.8 4.069
