271.4 592.8
271.9 591.7
269 588.8
270.3 585.2
271.8 584.5
274.1 580.6
273.9 568
278.4 569.7
275.6 578.7
273.6 578.8
273.1 579.5
271.6 580.7
270.3 582
270.6 590.3
269.3 585.8
270.1 587.3
272.4 592.5
270.5 593
276.4 591.8
272.4 591.3
271.5 582.3
271.1 581.9
270.3 587.1
270.1 602.9
270.1 593.6
266.2 588.3
264.9 586.9
264.4 566.1
264.3 569.2
264.4 594.8
264.5 584.6
264.3 592.7
265 592.3
265.8 595.1
264.3 585.8
264.9 589.4
265.1 585.5
265.8 578.7
265.7 585.5
266.3 589
265.7 583.8
266.3 583.3
270.1 595.5
269.8 599.7
266.4 600.6
270.1 605.9
268.7 612
270.7 622.1
269.7 604
273.7 616
275.2 614.5
271.7 617
272 609.6
268.4 609.9
263.3 631.6
263.2 625.5
264.2 609.6
264.3 617.8
266.4 621.8
266.1 620.8
264.3 605.6
264.5 616
262.8 612.1
262.8 598.4
265.5 601.6
265.6 601.1
268.5 597.4
267.1 597
265.2 603.7
263.3 606
262.8 603
260.1 593.3
259.9 593.5
260.7 590.1
259.4 592.4
255.1 595.1
258.2 600.1
256.1 603.8
258.2 604
258.5 598.7
265.8 604.3
267.4 612.9
266.8 610
265.2 598.6
262.1 581.1
261.4 591
270.8 593.3
271.6 585
260 580.4
258.1 580.4
259.8 577.7
260.5 573.8
261.9 579
261.1 569.1
261.5 566.8
261.9 572.1
261 576.2
259.7 570.5
258.8 558
255.6 553
258.4 584
258.1 577
260 576
258.3 579.1
257.3 579.9
258.7 593.4
260.1 597.3
263.3 624.9
261.1 624.9
261.3 627
265.3 627.5
264.8 628.4
263.7 622.2
264.1 615.9
262.4 610
264.4 593.6
263.9 593.1
264 595
264.4 601
265.4 613.3
266.3 631.3
266.1 619
266.1 611
270 611.7
269.1 607.5
268.3 606.5
268.1 610
272 612.1
273.6 615.2
287.4 617
285.4 620
285.1 616.5
283.6 614.1
279.1 619
277.9 622
273.8 619.3
265.7 613.1
265.3 603.1
266.4 588.8
264.9 591.9
265.7 583.1
265.7 583
266 588.3
273.4 593.6
271.5 578.7
272 578.9
275.3 580
271.2 583.2
272.4 580.4
273.4 579.7
272.4 584.5
272.6 583
272.3 574
273.7 571
276.2 569.5
272.1 567
269.3 562.8
270.6 560.1
269.4 555.1
267.6 556.9
265.1 551
265.9 561.4
266.5 559.6
266.2 555.3
268.3 567.2
266.6 562
267.1 555.1
266.9 555.4
268.1 544
270.4 525
269.4 514.1
269.9 505.3
268.8 498
269.7 508.1
267.7 509.6
266.2 508.8
267.4 503.7
264.6 473
266.2 474.4
267.4 474.3
267.4 481.5
267.9 480.6
267.1 466.2
267.2 440.4
267.9 441.5
273.4 436.4
273.9 451
276.3 441.5
275.7 431.4
275.2 441.9
279.3 450.5
276.1 435.5
275 443.3
274.9 448.5
275.3 461.5
272.5 452.9
272.6 458.1
272.3 460.9
273.7 459.6
275.4 440.3
271.6 444.4
272 441.5
273 437.4
271.6 438.3
288.1 485.1
291.5 492.4
289 490.6
291.9 483.4
290.5 450.1
293.3 446
291.7 445.1
292.4 433.3
292.2 418.5
289.9 419.2
290.5 426
290.5 430.1
291.4 438
292.4 432.5
288.9 425.7
285.7 431
281.8 445.6
284.9 450
282.1 460.9
283.4 438.9
279.2 431.3
280.1 437
275.5 427
276.1 431.3
275.9 427.1
277.9 430.4
279.1 423.2
280.6 421.3
279.5 412.5
279.7 421.6
279.8 420.7
278.5 423
279.7 417.1
281 414
276.8 417.8
277.4 422.6
278.3 442.6
277.8 419.7
277.8 425.4
275.1 423
274.7 427.9
272.7 437
273 439.3
272.9 442
272.3 439.7
273.2 438.4
274.1 436
273.5 444.2
273.9 449.3
276.9 457.7
275.4 454.2
273.7 453.6
273.9 470
272.2 474.4
272.2 460.7
278 467.6
277.7 467.6
280.4 463.1
275.5 458.6
276 457.1
278 471.3
277.4 480.7
276.5 486.5
278.7 493
278.9 483.5
278.2 485.5
278.9 478.2
278.6 476.3
278.9 478.3
283.4 483
287.1 483.1
287.4 483.4
285.4 480.2
284.4 477.3
287.3 484.2
284.4 485.9
283.1 483.3
281.5 479.9
278.6 471.6
278.1 466.3
278.8 469.7
278.3 465.2
296.6 515
302.2 515
302.6 515.7
303.2 517.7
305.9 534
302.6 527
301.1 526
300.1 528.5
300.5 527.7
298.8 530.3
301.7 529.8
302.2 533.1
302.1 533.7
300 533
298.8 537.3
302.1 546.8
304.5 558.6
302.3 553.6
303 549.8
304 548.8
304.3 560.1
308.1 561.6
311.6 547.9
311.2 538.9
308.9 532.5
309.1 514.5
308.3 517.6
312.2 517
311.2 515.8
311.6 522
308.2 528.7
309.5 523.8
311 520.8
310.6 525.3
307.3 533.3
308.7 532.9
309.8 536
310.6 537.7
315.7 544.2
315.8 538
318 540
322.5 541.6
320.4 537.5
323.9 545
325.4 544.3
325.5 550
326.5 545.9
326.7 547.4
327.8 553
321.2 549.8
324.9 563.7
324.6 563.6
318.7 554
319.7 556.4
320.3 555.9
317.7 555.7
319.1 562.7
317.4 562.3
319.2 565.8
319.8 569.5
323.2 569.1
324.6 562.7
324.3 562
320.2 562.3
320.5 546.5
319.2 540
313.5 537.3
314 531.6
312.8 531.1
310.9 527.5
312.1 522.1
316.1 520
314.7 524.7
317.2 529.3
315.6 531
319.6 533.9
317.2 529.9
317.4 525.7
317 530
323.9 530.6
323.6 523.2
312.7 522.3
311.5 526
309.8 529.8
303.4 532.7
302.5 519.6
303.7 523.2
303.2 524.6
304 517
307 519.7
307.8 522.6
305.5 525.3
314.3 533.2
310.4 539.5
314.2 545.5
314.1 548
314.2 551.6
311.8 560.2
314.3 558.8
313.7 557
306 552.8
308.7 546.7
307.6 542.5
306.6 544.9
306.7 546.2
309.4 549.8
312.3 559.7
309.4 560.2
312.9 568.3
312.4 565.8
313.4 544.6
314.9 537.1
318.2 539
319.9 542.4
321.3 553.4
317.9 549.1
316.6 546.8
318.9 552.4
316.6 554.9
317.1 555.3
317 549.4
320.6 554.2
322.6 566.2
321.9 558
323 568
325.9 572.9
322.2 559.6
320.3 558.4
319.7 559
323.9 564.5
320.9 572.1
321.5 570
321.1 560.1
322.1 560.9
321.9 563.5
318.2 573.9
319.6 584.3
316.5 578
316.3 592.1
317.8 592.4
312.6 601.4
314 603.5
311.6 597.7
312.7 598.9
310.9 590.1
313 591.8
312 589.8
310.7 595.2
313.4 601.8
315.2 601.8
317.7 588.7
316.5 586.9
318 571.8
318.8 577.6
318.3 575.7
318.2 581
317.5 581
320.5 584
321.3 582.4
321.2 572.7
324.5 578.7
318.7 585.3
317.9 586.3
320.7 598.1
319.2 595.6
318.6 592
317.4 586.8
317.4 588.4
320.7 589.9
317.8 584.6
317.7 585
316.8 581.9
317.6 586.9
320.2 587.8
322.2 592.5
324.8 594.7
326.3 597.8
325.8 599.9
323.5 595.8
324.8 594.9
331.4 597.2
333.2 601.7
337 605.1
337.4 609.9
342.1 598
345.9 595.4
340.5 586.5
345.1 588.4
346.8 585
348.9 587.7
349.2 594.1
343.4 598.5
347.6 604.4
346.1 610
351.2 610.5
351.7 616.8
347.3 612.4
353.9 618.1
353.3 618.3
354.5 623.3
354.7 619.2
352 619.2
350.7 618.1
357.7 622.8
356.6 627.5
357.3 633.5
359.7 642.1
364.5 650.5
368.2 645.1
369.4 646.3
370 646.6
366.3 647.5
368.6 647.8
368.3 658.9
370.8 683.7
379 676
376.4 674.4
370.1 667.4
369.9 673.6
363.7 666.9
362.5 669
352.6 675.4
357.4 676.6
351.9 675
344.2 648.8
349.9 654.8
353.1 656.5
351.8 659
356.3 663.8
352.3 669.1
354 670.4
346.1 667
350.2 672.5
349.2 673.5
353.2 681
353.1 691.6
350.8 683.6
354.7 702.9
350.5 694.7
346.5 696
335.9 682.2
336.5 683.6
337.1 686.3
337.6 686.7
336.1 671.7
332.9 653.4
326 652.1
329.5 643
328.4 635.3
330.3 637.9
328.7 633.9
328.7 634.7
335.9 648.4
334.3 642.1
329.6 635.4
324.9 624.7
325.3 622
321.5 613.3
322.2 629.2
325.6 627.6
326.7 626.1
327.9 628.7
324.2 633
324.9 632.6
325.8 634
327.2 644.7
333.5 650.9
334.4 650.7
331.5 646
334.8 645.6
333.4 645
334.5 607.7
333.7 594.1
339.1 599.3
342.1 595.5
341 597.1
342.3 597.2
342.5 617.2
341.9 626.8
348.4 630.4
348.6 634.1
351.6 654.1
350 643.7
352.3 654.4
352.6 652.5
354.7 645.9
364.2 652
366.3 666.7
372 670.3
368.1 663.4
368.8 664
367.8 675.3
365.2 662.7
369.6 633.9
364.5 636.8
366 637.2
365.2 651.7
362.6 661.8
368.6 665
363.7 653.5
361.8 653.5
352.2 654
355.5 651.9
353.3 652.5
356.6 664.6
359 667.7
363.2 661.1
357.2 665.9
361.3 679.4
356.3 668.8
353 668.9
346.3 673
349.3 665
343.9 660.4
345.2 673.2
346 670.6
351.4 680.5
351.3 677.5
351 682
348.1 680
344.1 674
343.6 671.3
344.3 681.6
344.8 685.7
347.7 692.5
342.1 700.5
343.1 688.7
344.2 699.4
347.2 698.6
350.9 699
350.6 697.9
358.6 702.5
362.2 704.6
362.7 697.2
364.8 703.4
361.7 698
356.2 685
354 685.7
346.1 678.9
349.2 683.7
349.6 680
350.8 683.4
352.5 681.8
356.3 680.9
361.7 695.4
358.5 698.7
362.1 690.5
366 694
363.2 696.5
358.4 697
361.6 699.8
365.6 702.4
360.6 705.8
363.1 702.3
361.3 693.2
365.8 694.7
373.5 713.7
370.5 713
375.7 708.6
373.2 715.7
373.9 714.6
372.9 714.1
377.6 714.7
375.1 708.3
381.7 709.6
380 699
379.7 701.6
375.8 696.8
374.5 697.8
373.5 696.7
376.2 692.5
376.6 698.8
381.8 696.3
387.2 703.7
385.9 705.9
387.5 705.8
385 715.8
380.8 697.4
382.4 702.7
385.4 706.9
384.3 712.8
383.1 711
369.4 717.5
372.7 712.6
377.2 721.4
375.4 731.6
369.2 725.4
373.6 733.1
375.2 731.2
375.7 735
372.6 729.2
372.7 732.1
371.8 730.8
374 741.2
381.7 740.3
386.5 746.4
384.7 752.7
388.9 744.6
387.9 753.7
383.2 754.9
410.4 833.6
409.2 831.5
410.6 808.2
411 811.8
412.3 831.5
414.8 809.1
416.9 812
415.7 811.3
424.4 842.5
422.8 850.9
421.9 844.9
424 856.5
426.4 855
426.3 859.6
423.7 865.7
421.7 863.4
408.4 857.9
406.7 860.9
412.7 865.2
411.1 864.6
410 874.7
407.9 876.5
406.6 860.3
410 869.1
414.5 850.1
398.5 821.3
402.2 830.3
398.7 812.3
399.2 826.3
401 820.6
398.1 816.4
403.6 826.7
406.8 832.7
406.4 833.1
410.2 842.7
413.7 847.3
410.3 845.6
416 861.1
412.3 858.8
409.8 853.3
397.5 839.2
399 840
404.5 856.1
395.8 851.8
395.8 867.4
396.4 887.4
399.3 906.1
393.5 875.5
392.4 883.5
392.9 882.1
401.3 887
400.6 894
404.2 897.2
400 923.6
400.7 902.8
395.3 907.1
399.4 914
402.4 902.4
406.9 906.8
411.1 898.7
412.5 890
417.4 897
419.8 914.4
417.2 919.1
416.7 912.7
422.1 912.1
417.1 888.9
421.7 896.9
427.3 908.7
427.8 919.3
421.6 905.8
415.4 894
418.9 892
422.8 890.5
419.9 915.2
420.1 950.5
407 940.6
399.8 938.9
397.7 935.4
401 933
400.6 950.3
397.7 930.7
390.8 906.5
393.3 858.3
395.1 864.5
396 838.9
398.6 863.5
405.4 818.5
404.2 816
406.6 823
405.6 828.5
401.9 838.3
397.1 830.4
395.2 831.2
390.5 820
390.3 815.4
387 813.2
389 798.8
387 817.7
391 817.9
391.7 826.3
394 829.1
392.2 831.2
392.3 827.3
399.8 832
400.7 835.8
400 850.4
395.5 836.9
394.3 848.6
398.9 864.2
402.9 883.2
404.4 879.4
404.3 858.9
407.1 863
413.2 854.3
410.5 836.6
403 845.2
407.9 856.9
407.4 855.4
403.3 864.5
407.8 867
410.4 868.1
408.8 873.9
406 870
400.5 859.4
397.4 845.3
399.4 846.4
398.5 825.9
401.9 834.5
404.1 843.8
405.7 848.1
405 850.7
404.7 842.3
405.8 843.1
405.3 841.9
408.3 852
407.2 847.5
410.9 852.7
408.1 857.3
409.1 859.5
412.5 877
413 846.5
418.7 861
419.5 861.4
414 831
418.2 841.2
418.4 847.8
418 840.3
423.1 843
422 849
415.1 842.9
413.2 835.8
418.1 845.9
418.7 850
416.2 842
420.3 841.9
423.5 851.1
424.4 854.8
424.6 848.4
429 856
426.8 847.9
424.8 836.2
425.1 831.6
428.5 833
427.3 832.4
420 826.6
424.6 828.3
430.1 848.6
433.6 851.9
432.7 849.6
435.7 850.2
434 848.9
434.9 854.6
437.9 874.2
437 877.3
440.2 868.9
444.8 875.6
442.6 862.7
446.8 859.7
448.8 855.2
447.8 856.9
449.3 862.4
453.7 865.4
451.3 872.3
454 878.6
450.4 884.2
456 874.8
454.2 877.7
452 871
437.2 834.1
435.8 817.1
433.9 828.4
438.9 831.2
435.9 830.4
440.8 842.1
436.9 839.1
441.6 837.1
442.4 842.8
441.8 841.5
440.3 843.7
441.9 840.2
445.2 875
444.3 875.3
436 862.5
437.5 863.7
428.7 857.5
428.5 847.8
426.6 854.3
421 847.6
418.9 843.2
419.1 848.9
421.9 865.5
426.1 863.5
424.5 864.5
422.7 859.3
423.2 866.2
423 870.6
422.4 866.4
426.7 876.3
426.9 879.2
422 872.9
426.9 894.8
426.3 897.3
425.8 872.3
421.8 873.8
420.8 878.9
421.1 873.3
416.6 866.8
414 866
413.6 867.4
412.6 857.2
412.9 851.3
417.2 869.3
420.5 871.2
425.8 875.1
425.9 852.9
425.5 856
427.3 863.2
427.1 865.5
434.5 875.6
434.9 867.4
434.5 864.6
434.9 859
436.5 866
432.9 862.6
432.8 865.6
429.9 868.5
434.2 870.5
435 868
440.3 874.8
442.1 876.4
442.8 870
446.2 870.2
441.1 870.5
440.9 876.8
443.7 887.8
438.7 879.5
439.3 880
431.1 870.2
431.3 865.5
425.2 856
424.7 862.5
425.9 861
426 862.2
428.7 870.6
425.9 868.8
423.9 864.7
424.5 865.3
427.1 868.1
426.5 866.6
426.9 861.3
428.6 860.8
427.6 863.8
429.3 867.6
424 861.9
424.9 864.6
427.5 864.5
432.9 873.2
435.3 879.6
433 876.4
434.3 878.5
434.6 881.2
437.9 884.1
433 873.4
435 868.6
429.5 870
426.7 869.9
429 875.5
429.8 876.7
426.1 874.8
426.2 878.6
427.2 879.9
427.2 881.2
421.6 871.6
420.2 865.4
418.9 849.3
419.4 862.2
421.5 862.9
420.5 867.4
417.4 862.5
416.6 866.8
417.5 869.8
418.8 865.3
418 860.9
419.8 864.7
416.3 861.3
415.3 871
422.7 876.5
423.7 875.5
426.5 881.2
424.8 879.9
424.7 879.9
424.2 872.6
427.4 871.6
429.3 874.9
427.5 874.7
429.1 882.4
436.2 891.5
438.3 898.1
438.4 900.3
438.9 884.3
438.1 892.3
441.7 892
440.5 896
440.3 892.3
436.4 885.6
435.9 883.5
427.8 872.9
422.9 860.3
423.5 862.5
423.3 863.2
422.9 863.2
425.5 870.8
426.3 878.2
423.9 876.3
419.6 869.4
420.7 871.5
420.5 873.9
419.7 877.2
421.7 882
425.4 893
424.7 898.5
425.7 897.1
423.4 893.3
424.7 892.8
427.3 885.4
429.9 897.9
431.9 910.2
431.9 907
436.9 918.1
437.9 910.6
437.2 910.5
434.7 902.2
434.2 909
436.5 907.5
445.5 919.7
445.9 923.2
442.2 905.2
446.1 892.7
439.9 889.5
439.5 893
437.2 889.3
438.1 893.1
439.4 898.1
437.3 899.9
438.4 897.5
437.4 897.8
437 904.4
431.2 889
433.8 894.5
442.3 903.4
444.2 911.5
444.4 911.4
444.9 908.9
446.7 913.4
449 916.4
449.7 915.9
446.1 913.5
449.8 917.5
455.5 919.7
459.5 923.8
466.7 933.1
466.2 933.8
468.9 936.3
466.6 930
463.5 927
465.9 917.5
462.6 918
469.7 921.5
472.1 931.7
463.5 926.3
461 918.1
467 929.8
465 930.3
472.8 943.6
471.2 943
473.8 942.4
466.3 952.5
468.2 952.5
503.3 1008.9
548.3 1023
553.5 1027.7
558.3 1047.8
557.7 1052
562.2 1058.3
559.7 1058.6
558.7 1066.7
555.2 1045.3
552.4 1035.7
550.9 1046
550.1 1046.4
560 1051.6
567 1068.5
566.6 1074.3
573 1076.9
586.7 1090.7
581.8 1059.4
589.4 1075.6
586 1080.1
587.9 1067.6
595.2 1085.8
588.4 1066.9
597.6 1094.9
595.2 1083.6
597.5 1092
596.5 1080.2
615.4 1103.1
620 1114.1
632.6 1121.9
619.8 1100.3
632.2 1130.7
620.6 1124.2
631 1137.5
638.8 1142
633.3 1146.1
651.8 1163.3
657.5 1177.8
664.7 1185.4
665.9 1186.7
674.2 1176.4
682.2 1189.1
677.8 1201.9
699.4 1239.3
703.7 1259.7
719.8 1295.6
710.3 1318.5
683.6 1284.8
691.5 1302.9
690.5 1316.4
679.6 1297.8
656.7 1313.4
657 1284.6
673 1321.5
637 1285.1
648.4 1295
650.9 1298.1
653.9 1291.4
642.5 1246.8
627.6 1229.8
635.5 1244.9
643.2 1258.5
629.4 1235.9
627.4 1231.5
609.1 1190.1
608.2 1190.2
606.8 1171.4
562.5 1118.5
562.3 1138.9
566.5 1160.9
578 1144.6
568.8 1137.8
576.9 1168.5
587.5 1193.9
582.2 1176.1
584.8 1166.9
584.8 1181.3
581.6 1188.3
578.3 1178.2
576.3 1124.9
572.4 1078.8
578.4 1086.4
571.9 1067.7
572.3 1066.8
576.3 1068.6
588.8 1077.3
594.7 1087.8
589.7 1079.5
588.9 1089.6
599 1091.3
593 1078.6
579.7 1070.9
584.4 1059.6
587.6 1065.5
596.8 1080.3
598.2 1076.7
669.4 1193
656.5 1292.6
660.5 1321
673.3 1333.9
665 1260.1
673 1271.6
682.5 1273.7
681.7 1273
695.6 1288.9
700.8 1295
703.3 1294
712.2 1302.6
711.9 1304.7
709.5 1299.9
709.6 1299.2
715.8 1302.6
715.8 1306.7
722 1308.5
732.4 1328.6
731.4 1331.6
732.1 1344.2
731.6 1349.4
728.3 1351.5
964.5 2129.8
972.1 2155.7
981.5 2216.6
963.9 2242
986.2 2251.1
975 2175.8
972.2 2016.7
969.9 2014.1
974.2 2027.4
978.8 2045
992.3 2072.5
998.2 2051
1001.4 1948.4
1003.2 1943
944.7 1862
919.6 1852.3
918.3 1864.2
934.6 1960.9
949 1987.6
948.8 2018.7
929.3 2059.1
926.2 2069.5
942.5 2086.2
944.8 2074.5
931.9 2027.9
927.3 1981.3
921.9 1950.4
927.3 1974.5
940.9 2000.9
959.5 2047.2
972.7 2039.9
977.7 1985.8
961.8 1942.3
970 1903.4
957.3 1858.3
963.1 1854
948 1811.2
922.4 1763.8
922 1716.8
926.6 1761.7
927.6 1779.7
916.4 1750.3
835.5 966.7
801.5 882.8
785.1 872.5
787.6 884
766.1 883.2
733.3 848.7
713.3 804.1
729.1 793.8
741.7 791.7
739.3 803.3
752.8 811.1
865.4 962.9
841.1 985.1
853.9 989.6
854.3 1000.5
820.3 968.4
820.1 950.5
808.2 930.3
806.7 916.7
839.3 947.8
854.6 943.8
849.6 922.1
858.2 932
895.3 955.1
908.5 971
899.2 955.3
888.1 960
915.5 1113.6
922.6 1120.8
926.1 1136.3
907.4 1158.7
895.6 1159.4
871.5 1145.7
882.2 1167.8
884.8 1180.4
882.2 1190
894.7 1240.4
890.9 1211.7
892.8 1220.9
879.3 1212
867.4 1206.1
887 1161.1
882.1 1151.6
891.8 1173.1
905.9 1182.5
913.6 1180
907.4 1146.3
892.8 1096.1
993.1 1270.9
1008 1295.6
999.5 1282
1003.2 1275.6
1016.7 1294.6
1038.6 1318.1
1043.3 1320.5
1055.4 1346
1047.8 1331.6
1056.7 1339.4
1064.2 1352.8
1063.9 1358.6
1049.8 1348.5
1050.7 1341.7
1057.3 1358.1
1057.8 1350
1063.7 1368.1
1057.8 1363.6
1055.6 1363.2
1042.1 1339.5
1034.7 1312.7
1029.9 1297.4
1174.2 1446.9
1181.1 1459.5
1199.1 1485.7
1212 1505.3
1217.4 1492.7
1168.8 1448.7
1163.4 1443.6
1142.8 1439.4
1120.4 1408.2
1125.7 1423.5
1119.4 1421.7
1123.3 1446.2
1122.4 1451.7
1135.5 1456.8
1106.8 1425.1
1110.8 1428.5
1095.4 1422.7
1086 1396.1
1093.3 1426
1104.1 1467.1
1107.2 1479.5
1097 1466.3
1091.5 1452.3
1095.2 1460
1117.7 1517.3
1118.1 1530.8
1135.9 1552.2
1133.1 1553
1138.2 1564.6
1150.7 1588.3
1128.9 1573.9
1136.4 1570.2
1142.6 1600.1
1130.1 1591.4
1139.7 1635.1
1112.3 1611.1
1102.7 1587.1
1089.2 1536.4
1095.2 1540.5
1097.9 1522.2
1084.4 1486.1
1112.6 1528.1
1102.7 1506.3
1096.5 1503.5
1107.8 1529.3
1118.3 1538
1117.8 1542.1
1136.9 1574.1
1142.7 1581.6
1132.6 1581.7
1134.8 1577.2
1123.6 1598.2
1122 1595
1107.8 1588.3
1108 1610.8
1101.5 1606.5
1105.1 1613.9
1122.2 1628.8
1124 1633.7
1127.4 1629.5
1107.4 1607.1
1099.3 1599.8
1103.5 1607.8
1088.6 1587.4
1092.7 1605.9
1104.2 1595.5
1110.3 1627.4
1104.5 1618.1
1113.3 1639.8
1125.1 1669.8
1132.9 1703.8
1135.1 1698.5
1152.3 1717.2
1152.2 1711.1
1161.1 1722.2
1161.6 1735.3
1152.8 1711.8
1159 1730.2
1159.7 1722.3
1136.3 1690.8
1135.2 1692.8
1138.6 1718
1148.2 1737
1142.3 1742.7
1153.1 1740.2
1153.5 1742.8
1161.7 1718.7
1171.3 1711.4
1168.4 1733.7
1180.1 1745.1
1182.7 1728.9
1168.6 1685.8
1174.6 1648.6
1196.9 1665.5
1210 1664.8
1200.4 1691.5
1219.9 1698.8
1242.7 1745.3
1228.8 1737.4
1227.4 1713.4
1227.7 1661.2
1214.3 1688.5
1192.6 1603.7
1187.8 1493.8
1175.7 1499.2
1193.8 1532.5
1197.8 1489.9
1213.3 1528.3
1211.9 1550.9
1212.2 1547.4
1224.8 1547.4
1220.6 1548.4
1208.3 1540.9
1216.2 1523.3
1239.3 1515.3
1244 1526.8
1228.5 1532
1220.8 1534.2
1228.9 1533
1223.3 1561.4
1233.2 1576
1229.3 1567.5
1247.5 1572
1257.2 1587
1239.7 1590.3
1239.9 1593
1234.1 1567
1245.5 1561.5
1255.8 1570.4
1238.2 1565.6
1242 1548.1
1245.5 1530.9
1206.3 1503.3
1207.4 1499.2
1194.8 1513.8
1198.6 1521.9
1195.8 1511.8
1209.6 1529
1198.5 1511.5
1213.3 1531.6
1206.8 1516.8
1208.1 1529.9
1188 1508.4
1181.7 1509.4
1191.5 1514.3
1191.6 1524.8
1195.5 1525.4
1187.7 1538.7
1183 1552.7
1158 1534.5
1160.4 1539.5
1168.4 1563.4
1181.7 1576.8
1183.4 1576.8
1185.2 1587.1
1193.7 1586.2
1197.2 1572.5
1203.4 1570.8
1200.7 1542.9
1196.2 1537
1197.5 1537
1214.8 1538.1
1214.9 1526.2
1224.5 1537.3
1226.6 1546.6
1229.7 1536.5
1233.8 1527.5
1227.2 1513.9
1226.9 1508.6
1231.8 1517.7
1239.5 1527.4
1235.4 1539.9
1236 1537
1237.1 1533.1
1248.3 1523.5
1246.3 1535.7
1251.5 1551.5
1249.2 1561.1
1257.3 1556.3
1255.6 1562.2
1248.9 1553.3
1244.5 1542.5
1245.1 1549.9
1269.7 1594.4
1266.7 1605.3
1271.9 1611.9
1275.6 1621.9
1279 1632
1272.4 1612.4
1290.2 1632.9
1294.3 1645.9
1296 1639.8
1296.7 1630.1
1306.6 1635.7
1308.5 1649.4
1307.8 1652
1316.1 1675.9
1315.4 1667.7
1338.9 1695.5
1346.4 1707
1333.9 1700
1344.2 1704.2
1353.3 1686.6
1345.7 1678.3
1369.5 1702.4
1376.7 1708.3
1371.1 1691.1
1371.2 1693
1335.1 1673.6
1343.3 1683.3
1324.7 1669.4
1324.4 1671.1
1338.3 1693
1338 1702
1322.2 1676.1
1342.1 1690
1357.1 1705.1
1350.2 1712.5
1356.4 1720.1
1337.1 1698.2
1382.7 1756.9
1397.3 1769.9
1402.8 1766.1
1409.8 1804.6
1399.1 1737.9
1403.1 1745.8
1365.4 1684.6
1368.4 1685.7
1338.3 1645.7
1336.8 1640.9
1352.9 1663.9
1352.2 1671.1
1357.7 1655.5
1377.5 1657.7
1372.9 1658.4
1362.3 1645.2
1366 1628.6
1385 1650.4
1387.3 1668
1388.5 1697.1
1405.4 1718.5
1415.3 1703.6
1408.3 1695.2
1382.5 1676.4
1392.1 1673.9
1384.3 1670.3
1397.3 1694.8
1403.6 1711.4
1385.5 1701.9
1370.4 1696.1
1378.6 1698.5
1385.5 1710.7
1388.2 1721.9
1386.8 1730.9
1380 1723.1
1382.4 1735.5
1405.2 1751.7
1413.1 1754.2
1405.6 1744.3
1421.1 1773.3
1422.6 1781.1
1378.5 1743.1
1373.4 1730.3
1371.4 1732.7
1368.5 1735.1
1373.7 1743
1384 1767.6
1385.7 1797.9
1386.9 1818.6
1360.4 1813.4
1368.1 1823.5
1370.2 1833.3
1346.5 1813.7
1341 1818.8
1344.5 1814.6
1332.3 1784.2
1333 1793.8
1318.4 1800.1
1340.7 1801.6
1333.8 1797.5
1339.6 1829.6
1331.5 1825.2
1352.3 1840.7
1348.3 1842.4
1347.6 1840.8
1363.4 1858.5
1364.8 1856
1361.9 1827.4
1359.9 1810.1
1364.6 1826.6
1373.6 1830.6
1374.7 1833.3
1384.7 1843
1388.2 1843.3
1400.5 1787.3
1413.4 1783.2
1415.3 1786.8
1408.7 1803.4
1409.3 1809.2
1430.7 1845.1
1437.2 1859.3
1416 1833
1428.2 1837.9
1434.1 1820.4
1426.9 1802.6
1429.3 1802
1412.2 1765.6
1421.5 1781.7
1424.6 1752.3
1392.6 1705.6
1396 1700.5
1404 1706.9
1415.9 1723.4
1426.2 1744.9
1427.5 1739.4
1437.9 1760
1434.8 1760
1426.1 1745.6
1419.8 1747.8
1416 1740.6
1423.8 1771.4
1438.9 1779.3
1428.1 1774.9
1432.2 1783.4
1451.8 1796.8
1457.7 1797.8
1458.5 1790.6
1473.4 1812.1
1467.4 1799.5
1452.9 1778.8
1454.9 1781.7
1471.7 1798.6
1485.3 1797.8
1492.3 1785.8
1494.5 1782.6
1498.3 1816.3
1503.2 1833.7
1508.6 1835.1
1503 1812.4
1516.7 1825.2
1530.8 1845.9
1556 1871.5
1556.7 1877.7
1540.1 1862.5
1514.9 1827.3
1480.9 1779.2
1491.2 1787.4
1502.9 1796.1
1516.6 1800.9
1501.1 1777.8
1506.6 1772.5
1493.4 1770.8
1490.4 1763
1479.8 1764
1495.6 1782.9
1492.2 1772
1508.8 1772.4
1515.3 1758.9
1523.2 1765.5
1526.6 1779.8
1522.8 1778.1
1536.3 1800
1535.9 1834
1542.4 1823.9
1532 1817.8
1541.7 1823.7
1546.5 1821.2
1543.3 1830.7
1538.1 1831.2
1542.1 1844.7
1528.6 1833
1515 1806.8
1523.8 1794.9
1525.6 1774.2
1529.3 1760.7
1538.6 1752.1
1541.5 1730.5
1546 1747.2
1552.9 1752.4
1520.1 1694.5
1500.5 1677.6
1496 1673
1499.7 1691.7
1509.9 1723.8
1502.3 1724.8
1482.3 1716.8
1512.3 1742.6
1528.7 1733.4
1530.2 1741
1541.2 1731.4
1548.8 1726
1561.9 1734.4
1585.2 1767
1589 1774.3
1589.8 1755
1602.1 1774.4
1600.9 1775.3
1596.7 1775
1586.8 1786.7
1601.3 1797.3
1612 1792.9
1616.6 1806.1
1615 1806.9
1613.4 1792.4
1628.3 1785.3
1619 1794.6
1641.9 1793.5
1663.4 1785
1656.2 1729.4
1648.8 1719.1
1710.2 1723.6
1740 1756.4
1781.3 1771.7
1748.8 1792.4
1740.2 1796.7
1755.5 1797.2
1782.4 1818.1
1791.2 1840.8
1818.9 1847.7
1848.9 1874.9
1888.7 1905.7
1858.3 1880.1
1754.1 1826.3
1759.8 1822.4
1794.1 1826.9
1788.4 1825
1826.7 1853.1
1828.5 1856.2
1826 1852.9
1873.7 1884.8
1869.9 1858.2
1814.2 1828.7
1854.4 1854.5
1856.4 1837.9
1809.9 1809.4
1826.8 1813.5
1823.5 1815.9
1778.5 1780.6
1812.1 1813.9
1776.4 1772
1806.6 1781.9
1805.5 1788.2
1739.2 1710.6
1637.5 1613.2
1592.5 1546.9
1650.6 1574
1616.3 1534.2
1615.5 1528.3
1620.4 1519.4
1656 1512.3
1614.7 1461.9
1640.3 1478
1651.9 1503.8
1634.5 1489
1669.6 1520.6
1659.7 1515.2
1681.3 1550.5
1667.3 1528.5
1681.8 1549.5
1675.5 1547.3
1651.7 1536.7
1646 1519.1
1611.9 1486.9
1635.1 1503.7
1651.5 1538.7
1699.6 1565.5
1722.7 1594.1
1746.7 1637.6
1746.2 1641.8
1724.2 1597.6
1711 1578.8
1728.7 1598.3
1764.2 1644.6
1755.3 1626.8
1790.3 1655.5
1798.4 1670.6
1790.9 1641.7
1758.9 1625.3
1787.5 1645.2
1777.8 1642.6
1781.7 1641.2
1773.8 1629.7
1719.8 1579.6
1724.7 1587
1678.3 1542.1
1702.2 1570.5
1695.7 1556.8
1685.5 1531.6
1710.8 1538
1713.4 1539.7
1745.5 1559.8
1735.3 1556.2
1747 1547.5
1730.7 1531.5
1727.9 1523
1740.9 1521
1709.8 1493.4
1712.8 1514.8
1664.2 1485.9
1659.9 1491.3
1584.3 1425.3
1574.6 1406
1595.6 1416.3
1594.4 1412.6
1615.6 1431.9
1611.9 1430.7
1608.9 1423.4
1604.7 1429.5
1594.2 1433.9
1562.9 1387.7
1539.9 1363.4
1565.8 1399.7
1599.7 1427.3
1611.9 1423.1
1619.4 1414.5
1616.1 1404.5
1607.5 1427.5
1631 1462.4
1639.2 1496.6
1647.3 1499
1630.4 1486.8
1655.2 1526.7
1659.5 1523.3
1654.1 1516
1663.7 1530.3
1678 1559.1
1664.2 1550.2
1699.8 1577.4
1726.3 1613.8
1731.8 1620
1731 1613.7
1737.8 1585.5
1747.1 1620.6
1756.8 1627.3
1737.9 1629.3
1722.8 1627.2
1746.4 1652.2
1729.3 1665.5
1739 1665
1723.3 1657.2
1723 1647.1
1715.9 1625.4
1726.3 1635.6
1726.8 1623.5
1724.5 1631.3
1757.1 1682.4
1770 1718.3
1784.9 1720.5
1775.1 1712.6
1773.6 1711.8
1787 1722
1709.9 1691.1
1721.1 1699.6
1708.8 1690.2
1703 1661.1
1671.4 1610.4
1683.3 1625.8
1698.1 1655.2
1710.9 1683.4
1699.2 1694.2
1693.7 1700.3
1642.5 1673.8
1659.1 1682.4
1655.5 1674
1666.9 1683.2
1646.7 1652.8
1650 1638.9
1642.3 1611.6
1662.3 1627.5
1685.5 1646.5
1684.8 1657.4
1657.9 1635.1
1652.2 1622.7
1669.3 1638.3
1677.5 1649.1
1670 1655.2
1612.3 1593.9
1628.5 1602.9
1642.5 1613.6
1659.5 1589.2
1659 1579.8
1679.5 1601.5
1659.1 1583.4
1648.7 1571.7
1650.3 1580.6
1638.8 1575.3
1640.6 1574.2
1642.1 1580.4
1631.9 1552.5
1643 1544.4
1641.4 1543.6
1659.6 1566.2
1664 1571.7
1663.4 1567.7
1661.7 1568.1
1653.4 1560.2
1634.2 1528.9
1644.7 1531.8
1638.6 1525.9
1604 1505.8
1593.7 1496.7
1595.1 1491.3
1583.6 1469.1
1560.6 1440.3
1556.8 1444.2
1536.2 1429.9
1574.5 1451.2
1591.6 1457.1
1588.4 1459.5
1576.3 1456.4
1548.1 1412.3
1557.3 1420.6
1568.8 1424.7
1548.6 1426.3
1563.4 1399.7
1562.6 1416.1
1620.5 1431.7
1612.2 1425.8
1615.2 1439
1632.8 1467.7
1586.6 1439.4
1590.1 1423.6
1595.5 1447.8
1612.7 1452.9
1618.1 1465.3
1618.4 1486.1
1627 1485.7
1625.7 1482.6
1622.2 1479
1614.8 1465.3
1564.5 1437.9
1566 1430.7
1587.5 1439.1
1574 1426.8
1577.5 1409.7
1549.7 1386.4
1603.5 1449.1
1597.2 1455.6
1621.3 1488.7
1608.9 1475
1578.4 1446.8
1588.6 1443.2
1579.3 1427
1575.2 1428.9
1564.9 1409.8
1591.6 1432.5
1591.2 1414.8
1589.1 1418.3
1570.4 1401.8
1580.1 1420.7
1582.5 1412.1
1577.1 1396.5
1576 1382.3
1608 1395.1
1615 1406.6
1617.9 1406.7
1619.7 1410.3
1610.5 1415.4
1603.7 1399.8
1587.4 1386.3
1606 1412.9
1612.9 1400.4
1609.7 1408.9
1612.9 1408.7
1617.1 1411.3
1619.7 1398.4
1609.6 1391.3
1599.4 1397.6
1603.7 1394.9
1616.1 1433.9
1616.3 1471.8
1620.1 1496.9
1639.9 1506.5
1637.4 1525.2
1669.6 1553.6
1669.8 1553.1
1672.4 1551.9
1666.5 1519.1
1659.8 1519.2
1653.5 1502.7
1684.6 1536.3
1692.9 1566.5
1690.8 1574.6
1702.6 1585.4
1737.5 1595.3
1728.7 1602.8
1731.8 1606
1730.6 1648.6
1769.1 1678.5
1769.8 1712.7
1767.7 1671.6
1768.4 1635.3
1769 1639.9
1767.7 1623.4
1775.5 1637.1
1762.1 1622
1763.8 1631.8
1750.6 1634.4
1777.6 1645.9
1771.1 1665.3
1780.5 1681.5
1772.7 1682.9
1777.3 1690.3
1794.1 1721.2
1778.6 1703.3
1773.5 1694.9
1763 1691.6
1763.2 1676.7
1768.8 1687.8
1758 1657.1
1736 1631.3
1744.7 1642.7
1751.5 1668
1743.3 1641.2
1722.8 1613
1725.1 1609.7
1708.3 1573.1
1700.5 1560.2
1712 1567.1
1710.9 1544.3
1717.5 1576
1714.1 1570.7
1674.1 1540.9
1682.2 1538.7
1714.1 1554.3
1713.2 1535.5
1725.4 1538.5
1730.3 1555.4
1730.3 1562.5
1724.2 1583.4
1729.5 1588.6
1713.3 1570.3
1714.3 1559
1734 1581
1723.2 1570.5
1727.9 1581.4
1751.3 1614.6
1749.5 1621.5
1742.2 1617.7
1716.5 1610
1727.2 1618
1710.9 1603.1
1719.6 1612.3
1694.4 1581.4
1692.4 1582.7
1700.3 1599.2
1704 1605.5
1713 1621.8
1708.2 1638.5
1716.6 1644.9
1695.6 1611.9
1695.8 1619.5
1697 1609.5
1669.5 1594.5
1666.5 1593.7
1644.9 1546.7
1659.1 1537.4
1658.6 1535.4
1659.8 1535.4
1662.6 1532.3
1654.9 1517.4
1674.8 1538.7
1687.9 1565.1
1673.7 1576.7
1648.1 1555.2
1645.5 1553.8
1661.5 1580.6
1654.8 1597.8
1677.3 1632.4
1660 1629.3
1668.9 1656.3
1683.4 1688
1682.7 1692.2
1690.4 1697.8
1686.6 1672.1
1692.8 1698.4
1686.3 1691.7
1669.5 1682.8
1656.4 1693.9
1652.4 1661.2
1660.7 1677.4
1679.9 1687.8
1660.6 1673.9
1669.4 1686.2
1675.3 1696.6
1672.4 1705.7
1677.7 1736.5
1670.4 1722.3
1666 1713.5
1648.2 1695
1648.7 1716.1
1644.2 1728.6
1634.7 1709.8
1608.8 1676.6
1603.6 1696.4
1577.6 1646
1578.2 1618.9
1572.4 1606.3
1586.2 1619.6
1615.2 1615.4
1595.2 1599
1577.7 1582.4
1571.9 1571.5
1572.1 1564.2
1574.6 1583.7
1574.6 1577.8
1574.8 1593.1
1576.6 1601.9
1577.8 1599.2
1591.5 1593
1588.3 1591.1
1590.6 1587.8
1592.5 1591.4
1604.6 1578.2
1611.3 1554.4
1607.5 1581.5
1613.8 1579.1
1606.2 1580.7
1604.6 1582.4
1595.8 1566
1606.2 1579.8
1594.8 1571.2
1600 1596.4
1575.1 1571.8
1552.8 1539.8
1551.8 1516.7
1575.4 1534.4
1572 1535.9
1586.2 1552
1558.3 1529.2
1564.3 1535.2
1501 1495.3
1360.6 1424.2
1386.8 1450
1382.2 1434.8
1392 1428.4
1395.3 1423.3
1421 1435.8
1408.6 1416.8
1423.4 1429.8
1461.8 1462.8
1453.6 1475.2
1467.4 1505.6
1472.2 1505.4
1446.3 1468.7
1467.7 1500.7
1464.3 1501.7
1468.1 1508.2
1449 1481.7
1473.9 1505.4
1468.8 1516.5
1436.8 1486
1434.5 1484.5
1424.7 1501.9
1396.5 1490.7
1387.1 1485.6
1364.9 1468
1384.3 1484.6
1377.8 1458.4
1367.6 1469.2
1392 1457.2
1386.8 1451.9
1379.1 1460.6
1391.3 1451.8
1411.5 1481.5
1392.6 1460.6
1411.7 1496.2
1397.1 1489.9
1398.4 1509.4
1415.7 1528.1
1383 1501.4
1386.2 1505.7
1377 1479
1391.8 1481.4
1377.6 1446.2
1387.3 1446.5
1382.8 1434.1
1366.6 1439.4
1373.6 1423.2
1285.9 1363.1
1291.6 1362.5
1276.8 1328.1
1274.8 1350
1229.6 1303.7
1211.4 1325.2
1223.8 1336.9
1255.9 1379.2
1243.6 1366.3
1252.1 1345.3
1212.9 1324.9
1234.9 1360.5
1245.9 1367.1
1247.4 1368.1
1280.1 1421.1
1277.8 1409.6
1283.8 1422.5
1290.8 1426.1
1277.9 1411.6
1284.6 1413.3
1293.3 1429.7
1336.4 1447
1335.1 1442.1
1319.7 1455.2
1329 1447
1321.7 1421.9
1328.4 1441.8
1324 1436.6
1312.4 1428.4
1311 1442.9
1310.6 1450.6
1302.6 1447.2
1283.2 1426.9
1286.1 1437.4
1310.7 1490.7
1312.9 1499.7
1334.7 1497.8
1321.2 1498.8
1334 1504.3
1361.6 1531.4
1371.7 1526.7
1366.2 1508.1
1373.1 1524.6
1370.6 1518.2
1371.2 1539.2
1395.7 1540.7
1393 1543.6
1420.6 1531.2
1419 1539.2
1412.9 1521.5
1396.1 1526.2
1412 1537.3
1389.9 1493.8
1373.1 1481.2
1386.7 1494.8
1386.8 1482.1
1364.1 1473.2
1363.9 1472.6
1330.4 1441.8
1308.4 1443.6
1317.9 1440.6
1309.5 1421.8
1307.8 1424.6
1369.4 1472.4
1332.5 1432.1
1326.9 1425.4
1316 1418.3
1335.9 1428.3
1323.6 1410.2
1338.4 1414.9
1326.5 1408.1
1286 1381.7
1320.6 1389.8
1317.4 1369.5
1309.7 1384.7
1324.8 1398.6
1324.2 1400.2
1306.9 1379.5
1296.6 1392.3
1268 1372
1276.4 1380.6
1273 1380.4
1282 1395.2
1322.7 1431.9
1314.4 1434.8
1315.7 1435.7
1342.5 1447.8
1333.9 1436.7
1350.2 1453.3
1352.4 1452.5
1352 1470.1
1345.2 1459.1
1349 1477.4
1323.6 1445.9
1313.1 1449.4
1314.6 1453.9
1308 1447.7
1317.7 1465.6
1308.4 1455
1284.5 1441.1
1281 1430.6
1271.1 1437.8
1268.3 1430.2
1286.2 1442.3
1287.3 1437.1
1272.2 1409.2
1273.4 1418.1
1257.9 1397.8
1243.5 1389.9
1244 1380.9
1241.1 1376
1241.4 1370.4
1237.8 1351.2
1250.6 1367.9
1222.3 1345.9
1221.7 1354.9
1248.2 1375.1
1233.2 1362.6
1230.3 1355.4
1235.3 1367.6
1262.4 1387.8
1258.5 1384.3
1226 1363.5
1235.7 1362
1245.5 1359.2
1231.2 1343.7
1236.1 1342.2
1195 1318
1205.1 1331.9
1198.4 1327.3
1205.1 1336.4
1214.1 1362.6
1216.1 1375.9
1203.1 1364
1201.9 1371.1
1225 1401.9
1238.4 1411.5
1237.8 1413.7
1229.4 1412.7
1225.3 1412.2
1229.3 1417.7
1246.7 1434.7
1250.9 1441.9
1245.2 1431.9
1238.1 1427.1
1240 1430
1251.7 1452.6
1242.3 1452
1239 1460.9
1262.6 1461.7
1264.5 1427.1
1263.6 1419.4
1251 1407.7
1262.2 1406.4
1242.2 1380.7
1240.1 1374.1
1260.4 1385
1251.7 1371.8
1257.3 1377.7
1257.6 1373.3
1263.3 1377.6
1274.8 1384.3
1290.1 1386.2
1295.3 1405.7
1300.4 1415
1319 1428.5
1324.7 1422.9
1320.6 1422.9
1317.1 1410.9
1323.9 1426.3
1338.3 1440.2
1343 1441.7
1328.2 1428.2
1331.6 1452.8
1321.4 1446.2
1350.1 1460.1
1337.8 1463.5
1340.2 1476
1351.7 1486.2
1338.1 1483
1341.4 1476.6
1346.5 1464
1370.3 1475.7
1372.2 1478.8
1379 1469
1372.9 1467.8
1359 1461.2
1341.4 1451.2
1330.5 1434.3
1336 1435.5
1311.2 1430.7
1311.4 1420.4
1303.4 1406
1294.7 1396.7
1293.8 1404.7
1283.4 1418.5
1279.6 1428
1290.5 1437.1
1284.4 1443.8
1303.2 1449.4
1298 1426.3
1308.7 1439.8
1305.5 1437
1320.1 1458.4
1318.7 1461.6
1327.2 1466.8
1300 1444.1
1303.1 1437.2
1293.4 1428.1
1288 1400
1280.6 1399.6
1284.2 1403.2
1290.5 1408.1
1300.7 1422.8
1298.9 1418.2
1296 1430.1
1295.6 1426.6
1283.1 1426.2
1302.6 1439.7
1309 1447.4
1308.3 1457.1
1288.6 1433.8
1287.4 1437.1
1287.3 1428.9
1295.6 1440.9
1294.6 1454.7
1305.7 1484.9
1293.5 1469.1
1293.3 1465.3
1293.7 1469.4
1294.5 1468.1
1288 1482.3
1294.9 1495.5
1291.6 1475.2
1265.4 1464.7
1259.3 1465.1
1256.3 1462.1
1245.6 1454.7
1243.7 1438.7
1244.3 1435.5
1244 1435.9
1253 1447.1
1252.1 1455
1253.5 1456.3
1259.8 1484.2
1260.8 1483.1
1273.6 1443.3
1273.7 1437
1274.9 1441.1
1271.7 1445.1
1272.4 1452.8
1313.7 1476.5
1316.2 1459.3
1318 1458.6
1320.9 1473.9
1322.2 1475.2
1316.1 1472.1
1319 1478.5
1321.8 1481
1326.4 1513.5
1330.7 1509.7
1320.4 1506.1
1316.5 1494.9
1316 1495.4
1323.8 1505.9
1338.7 1516
1337 1512.3
1306.3 1492.3
1296.9 1484.3
1299.6 1485
1316.7 1503
1309.2 1489.2
1313.7 1492.7
1306.1 1487.6
1304.5 1485
1290.6 1472.7
1303.1 1477.6
1303.3 1489.4
1298.3 1483.2
1294.9 1483.4
1281.3 1465.7
1293.6 1463.8
1287.7 1468.1
1284 1457.4
1306.7 1466.7
1310.8 1483
1308.9 1481.3
1308.5 1472.6
1308.8 1473.2
1312.8 1470.9
1313.9 1470.2
1304.5 1458.2
1297.7 1443.2
1295.1 1437.5
1293.4 1427.7
1273.7 1419.3
1278.6 1420.5
1277.3 1420.4
1283.8 1421.6
1281.9 1421.9
1288.7 1427.2
1285.8 1426.7
1263.7 1410.4
1268.9 1414
1265.1 1409.8
1265.8 1412.5
1252.7 1399
1246.8 1387.3
1243.5 1382.5
1237.4 1372.2
1229.9 1372
1233.6 1365
1235.2 1368.8
1234.4 1363.7
1225.7 1351
1215.3 1338.8
1216.8 1331.7
1221 1334.2
1218.6 1320.9
1221.2 1315.7
1214.1 1303.5
1217.5 1307.8
1210.5 1298.5
1214.6 1287.7
1214.2 1269.1
1192.2 1226
1206.7 1248.4
1211.7 1261.1
1205.3 1266.1
1224.6 1277.8
1221 1261.1
1229.3 1260.7
1233.6 1272.3
1244.1 1261.4
1240.5 1252.4
1238.3 1262
1244 1267.9
1251 1283.7
1244.8 1271.6
1228.5 1255.5
1231.2 1251.4
1229.1 1255.2
1229.2 1267.1
1224.3 1270
1198.1 1246.9
1171.1 1236.2
1169.4 1243.7
1167.4 1225.6
1145.4 1211.5
1142.3 1198
1169.6 1213.3
1159.6 1207.4
1162.8 1207.2
1158.9 1205.8
1161.1 1199.5
1185 1213.6
1183 1201.8
1196.7 1205.1
1193.6 1199.8
1190.7 1206.1
1197.5 1227.8
1195.5 1208
1197.1 1223.6
1196.6 1227.5
1175.2 1210.4
1218 1240.7
1199.2 1216.6
1208.5 1227
1207.5 1245.4
1190.1 1219
1194.7 1228.9
1231.5 1246.3
1228.9 1242.1
1225.1 1241.7
1222 1231
1207.2 1214.4
1193.9 1196
1194.3 1199
1194.7 1196.6
1195.9 1196.5
1179.7 1181.7
1177.9 1191.3
1173.5 1190.7
1195.3 1218.1
1181.7 1201.3
1200.2 1218.1
1183.9 1208.9
1186 1203
1203.9 1210.1
1219.3 1220.8
1210.6 1220.7
1208.4 1221.7
1216 1229.1
1232.7 1240.4
1234.3 1247.4
1234.4 1238.4
1264.7 1262.1
1276.9 1269.8
1294.2 1287
1293.7 1277.3
1300.7 1284
1292.6 1268
1279.4 1254.7
1291.7 1266.3
1285.9 1257.6
1254.6 1216.8
1278.5 1239.2
1276.2 1230.4
1259.7 1237.2
1263.8 1240.9
1262 1251.7
1233.9 1223.6
1240.8 1222.4
1231.6 1209.3
1219 1197.6
1220.1 1203.5
1226.5 1210.5
1208.1 1180
1199.7 1170.2
1207.1 1175.8
1204.4 1172.9
1200.3 1166.3
1196.9 1166.6
1201 1172.8
1209.6 1174.7
1212.6 1186.7
1207.7 1191
1204 1190.7
1200.6 1182.8
1195.9 1181.2
1164.1 1159.9
1166.4 1149.7
1160.1 1130.5
1150.7 1116.4
1152.1 1115.9
1152.6 1116.2
1153.3 1108.9
1148.3 1094.7
1151.4 1093.6
1169.1 1120.8
1184.8 1142.2
1188 1145.5
1191.7 1142.5
1197.3 1147.5
1205.1 1155
1199.8 1144.6
1184.8 1116.9
1183.1 1142.6
1208.1 1165.2
1200.9 1153.8
1218.6 1179.9
1210.6 1173.3
1203.1 1165.5
1193.6 1156.4
1204.6 1170
1199.3 1153.5
1192.8 1153.7
1201.5 1155.9
1198 1158.5
1202.9 1166.8
1193.5 1148.1
1202.9 1151.8
1186.9 1129.7
1194.4 1136.2
1175.2 1120.4
1203.3 1152.7
1214 1157.5
1209.8 1160.4
1182.4 1139.9
1174.5 1129
1186.8 1150.2
1193.2 1148.1
1190.3 1142.1
1182.4 1131.4
1189.1 1142.5
1183.2 1126.4
1192.6 1132.4
1218.4 1149.8
1225.4 1161.3
1225.5 1168
1227.8 1177.4
1206.9 1149.8
1208.9 1155.8
1204.4 1151.5
1204.3 1147.9
1187.2 1123.4
1185.9 1118.5
1188.1 1115.8
1189.4 1111
1188.3 1103.7
1194.1 1112.3
1184.7 1103.6
1174.9 1098.7
1167.8 1091.3
1173.2 1100.5
1177.3 1107.8
1186.1 1114.7
1179.9 1104.7
1178.8 1096.3
1185.3 1088.3
1180.5 1079.5
1176.4 1072.4
1201.5 1082.5
1201.5 1086.5
1183.7 1060.3
1176.2 1067.2
1172.6 1074.1
1171.5 1084
1172.9 1080.7
1178.5 1081.4
1171.5 1078.6
1169 1086.9
1163 1083.6
1172.9 1065.9
1152.4 1041.1
1163.3 1036.1
1159 1022.4
1157.7 1032.3
1155.2 1036
1153.3 1027.9
1147.2 1021.6
1143.8 1012.1
1131.8 1001
1106.7 990.2
1103.4 986
1091.4 981.6
1094 982.8
1085.6 982.4
1096.5 990.5
1096.3 987.8
1092.7 984.4
1088.4 988.6
1094.9 984
1089.4 966.6
1090.7 958
1085.7 950.5
1090.2 955.6
1094.1 961.8
1104.2 988.9
1107.6 991.4
1123.2 998.6
1115.7 993.7
1112.9 992.7
1118.6 999.5
1117.1 992.9
1128.1 1011.9
1153 1034
1159.6 1026.5
1153.4 990.9
1138.2 976.1
1124.6 980.2
1122.4 1006
1133.1 1021.3
1131.6 1010.1
1138.7 1007.6
1132.5 1012.8
1123.7 1009.3
1120.6 991.6
1120.4 1002.1
1102.2 980.4
1109.5 983
1103.5 965.2
1107.7 955.7
1102.8 958.3
1119.2 975.8
1117.3 968.5
1138.1 984.5
1133.1 973.8
1125 937.6
1131.6 932.5
1153.8 955.9
1146 951.2
1132 926.1
1127.1 917.1
1115.5 907.2
1114.2 903.2
1137.1 907.3
1138.1 911.1
1146.8 933
1149 944.5
1144.7 953.3
1156.3 979.5
1164.9 994.6
1165.8 991.5
1180.1 994.2
1187.9 1005.6
1183.6 1021.3
1173.3 1013.4
1178 1018.9
1167.6 1006
1166.6 1012.2
1163.3 1000
1167 995.8
1166.8 988.4
1177.1 1011
1147.2 991.8
1141.5 988.6
1135.8 978.4
1114.2 961.2
1106.5 954.1
1104.4 952.4
1087.6 939.6
1087.9 914.4
1088.2 899.5
1084.7 882.8
1080.8 875.8
1080.8 863.5
1083.7 865.3
1068.7 854.6
1068.8 847.5
1078 857.6
1076.4 855.3
1066.8 846.8
1074.3 840.5
1070.5 842.5
1056.2 833
1065.8 832.3
1063.8 835.4
1054.2 832.4
1061.7 847.5
1084.5 880.5
1076.4 863.1
1076.3 846.4
1077.6 865.6
1073.1 855.7
1076.9 843.5
1064.7 850
1062.9 855.6
1078 875.8
1050.8 844.5
1066.2 860.6
1081.9 881.1
1074.8 872.8
1069.4 867.9
1077.2 883.4
1070.5 880
1077.5 890.6
1060.1 871.1
1060.3 891.7
1075.1 883.2
1078.4 888.6
1091.9 873.7
1107.7 876.4
1097.8 877.1
1096.5 845
1085.6 837.5
1087.5 850.2
1073.9 834
1091.5 825.7
1089.9 828.7
1107.1 817.9
1099.1 818.1
1097.2 829.7
1106.2 859.7
1121.7 875.2
1116.1 880.4
1115.6 865.9
1116.4 872.3
1127.9 868.8
1127.3 854.4
1141.3 878.8
1157.6 904.4
1157.8 902
1197.9 927
1198.7 937.7
1194.7 933.3
1247.9 962.4
1239.1 957.3
1207.9 936.7
1211.1 948.8
1226.1 944.7
1230.4 944.6
1209.5 926.8
1222.3 942.7
1238.7 943.4
1238.2 926.1
1219.8 914.5
1233.9 933.7
1230.3 936.1
1241.1 935.7
1257.4 942.2
1269.9 985.8
1263.2 1001.5
1262.1 988.9
1256.6 982.3
1272 977.2
1258.7 969.2
1244.4 964.9
1230.4 959.3
1229.3 958.2
1264.5 988.6
1253.8 970
1243.8 981.3
1248.2 996.3
1223.7 960.3
1221.4 951.9
1219.9 944.2
1235.6 964.7
1226.9 964.3
1234.2 976.6
1222.2 953.6
1218 942.5
1228.4 950
1222.5 942.9
1236.2 953.8
1242.5 967.5
1256.7 989.4
1259.4 998.5
1246.8 1002.2
1225 992.1
1233.1 988.5
1233.6 976.4
1253 1014
1253.2 1026.7
1249 1030.6
1228.7 1010
1238.9 1016.7
1242.2 1018.9
1249.2 1024.1
1265.5 1048.9
1289.2 1077.9
1294.7 1084.9
1290.7 1070.1
1273.3 1054.4
1271.4 1063.2
1292.9 1083.7
1265.6 1045.7
1263.9 1048.5
1274.6 1064.4
1270.3 1052.5
1271.9 1051.9
1273.4 1053.1
1276.2 1053.7
1273.7 1042
1254.2 1012.5
1252.4 1022.5
1251.1 1012.3
1228.9 1003.7
1223.5 994.2
1220.1 995.3
1214.8 978.7
1211.9 970.2
1209.8 958.4
1240.1 980.9
1244.6 995.5
1244.4 998.4
1259.8 1011.3
1270.2 1003.4
1273.4 993.8
1284.4 994.9
1285.6 971.5
1285.8 974.4
1296.1 977.9
1292.5 965.7
1290 986.8
1270.5 981.1
1268 983.1
1261.2 965.9
1320 986.7
1322.5 978.8
1315.3 978.5
1323.9 1011.3
1318.4 1021.5
1336.7 1054.7
1356.4 1072.4
1364.9 1086.9
1360.1 1091.1
1356.6 1097
1355 1104.7
1334.1 1094.4
1342.4 1096.7
1331.3 1100.9
1326.5 1090.5
1328.4 1098.5
1331.5 1094.7
1318.8 1087.6
1330.5 1105.2
1323.1 1085.6
1319.3 1085
1320.7 1096.4
1326.6 1125
1332.3 1135.6
1349 1147.3
1351.4 1160
1364.4 1168.8
1356.1 1166.9
1358.8 1161.9
1336.4 1148
1333.4 1152
1339 1156.5
1344.3 1180.6
1342.5 1154.2
1335.8 1126.8
1340.3 1113.8
1350.5 1121.8
1342.7 1112.5
1351.2 1131
1340.4 1116.2
1337.7 1106.5
1340.6 1108.8
1324.4 1079.7
1320.1 1074.5
1321.5 1075.2
1322.9 1078.3
1311.7 1053.8
1306.9 1050.8
1312.2 1046.2
1322.1 1059.5
1349.4 1100
1344.3 1091.2
1336.8 1083.1
1330.1 1065.9
1321 1041.3
1319 1034.4
1321.5 1039.3
1313.5 1032.2
1305.8 1016
1313.5 1022.1
1313.7 1030.5
1326.9 1047.5
1340.4 1062.4
1337.2 1056.6
1339.7 1042.5
1325.9 1024.8
1319.4 1021.9
1321.7 1030.8
1313.3 1028.6
1309 1003.7
1266.3 984.7
1265.2 972.3
1249.8 962.3
1248.9 958.8
1253 945.8
1251.1 938.4
1255 928.9
1253.1 935.9
1254.4 932.7
1260.8 943
1267.9 940.1
1265.6 931.2
1265.9 928.6
1262 935.4
1271.9 961.9
1264.8 960.5
1267.9 961.7
1275.5 978.2
1271.5 975.8
1286.4 995.1
1306.8 998.2
1302.1 991.6
1303.3 1001.7
1278.3 998.6
1273.4 1005.8
1272.6 1000.5
1265.5 979.5
1221.2 931.7
1224 932.8
1223.4 944.5
1216.5 942.6
1208.5 919.5
1209.6 933.7
1211 941.4
1189.1 929.6
1178.2 906.8
1190.6 921.3
1187.9 918.9
1170.8 908.1
1166.9 909.6
1175.1 931
1174 937
1167.6 934.1
1175 941.7
1169.8 942.4
1159.4 913.7
1163.5 932.5
1156.7 935.5
1161.3 939.6
1127.8 892.4
1135.3 933
1140.5 916.2
1131.5 922.9
1131.1 913.3
1128.8 906.4
1131.9 892.4
1137.3 903.3
1139.4 898.8
1156.4 897.8
1150 901.6
1160.4 939.3
1163.8 943.3
1179.7 972.1
1171.9 966.5
1183.5 978.5
1184.2 978.4
1195.6 972.2
1198.9 980.9
1195.3 982.4
1212 979.1
1211.3 968
1200.9 952.8
1204.3 972.2
1215 976.1
1210.3 1003.8
1197.3 978
1189.5 977.9
1188.1 979.4
1193.2 989.8
1208.6 993
1205.6 996.3
1216.7 996.1
1218.5 1003.2
1230 1010.6
1234.2 1009.5
1237.6 1016.4
1235.1 1019.2
1234.4 1008.8
1224.4 998.2
1223.9 1000.1
1231.7 1007.8
1240 1013
1237.6 1003.5
1237.5 1003.5
1232 1000.5
1250.2 1009.8
1256.9 1026.5
1257.4 1037.4
1252.6 1029.5
1248.9 1017.4
1231.9 988.4
1225.5 992.6
1224.5 976.7
1215.1 959.6
1208.5 948.2
1202.4 935.9
1200.7 936.9
1202.4 939.9
1201.9 937.7
1200.1 935.6
1226.5 957.3
1229.8 962
1233.6 971.4
1246.1 970.6
1249.3 961.1
1246.9 963.1
1248.2 967.2
1255.4 968.4
1255.3 956.9
1253.4 952.1
1245 951.6
1247.3 948.2
1250.8 954.7
1255 961.2
1245.4 956.4
1250.3 955.7
1254.3 959
1251.1 937.5
1271.2 965.9
1275.3 964.9
1285.9 973.7
1289.4 987.5
1291.7 975.8
1281.4 967.5
1281.9 978
1287.4 974.5
1275.8 957.2
1265.6 954.6
1262.1 945.9
1263.7 946.4
1266.1 946.3
1253.3 929.8
1255.1 923.6
1246.4 902
1226.5 905.3
1224.8 907.7
1225.3 917.1
1214.3 898.4
1217.3 907.4
1222.7 915.2
1226.2 915
1228.6 926.2
1235 934.5
1257.5 943.6
1251.7 934.3
1252.7 937.7
1260.7 947.8
1254.8 946.9
1252.4 944.6
1255.8 949.8
1267.6 959.8
1262.1 939.3
1272 948.5
1267 927.3
1276.8 951.7
1279.3 956.3
1294.4 962.1
1290.1 946.4
1276.3 936.9
1268.5 939.1
1266.1 943.3
1265.8 923
1272.8 950.7
1252.2 920.3
1254 925.9
1244.2 926
1241 920.6
1243.4 926.1
1247.6 924.7
1256.2 928.5
1246.3 915.7
1246.4 917.8
1248 920.7
1244.2 919
1240.7 923.7
1217.9 903.8
1220.4 905.7
1222.2 907.2
1208.6 901.1
1212.1 899.3
1213.6 896
1218.1 916.3
1216.3 904.5
1226.6 920.9
1232.8 927.6
1241.1 927.7
1241.2 921.6
1244.8 930.5
1254.3 934.7
1253.9 929.4
1251.7 928.9
1249 919.5
1259.6 923.2
1268.4 933.2
1266.6 937.7
1272.6 946.5
1271.8 950.8
1267.8 961.6
1258.3 966
1258.2 968.6
1256.4 971.7
1273 973.3
1283.7 983.4
1287.7 987.2
1284.2 972.4
1273.7 964.9
1276.9 972
1286.4 978.9
1285.7 979.6
1290.8 982.7
1285.1 978.5
1288.9 978.1
1286.5 979.8
1292.5 976.3
1309.7 986.5
1313.1 1000.7
1308.1 993.5
1316.2 996.8
1324.5 1007.3
1339.2 1007.4
1333.9 1005.6
1345.1 1015.3
1346 1011.1
1331 997.9
1328 985.6
1323.4 982.3
1324.7 980.1
1320.4 971
1306.3 960.3
1306.2 950.4
1312 944.9
1290.6 939.4
1293.3 931.8
1306.8 940
1297 924.5
1283.4 921.3
1285.5 921
1281.5 910.3
1272.7 911.6
1271.5 911.1
1273.7 910.6
1269.9 914.2
1271.6 912.9
1281.8 914.4
1290.6 933.1
1285.8 930.4
1293.3 939.1
1301.5 945.2
1299.9 939.4
1283 932.1
1279.9 921.9
1286.9 923.2
1277.4 924.1
1277.7 924.5
1275 922.8
1275.4 924
1266.3 918.2
1268.5 910.6
1274.1 918.9
1267 915.8
1274.1 933
1274.9 924.1
1266.5 918.5
1279.4 931
1273.7 922.1
1281.6 934.6
1285.6 937.3
1272.4 928.9
1277.3 932.4
1281.5 924.1
1276.5 929.9
1277.4 933
1295.8 951.4
1274.6 920.4
1281.1 934.8
1291.6 937.6
1286.7 942.3
1293.8 947.9
1294.7 950.1
1282.1 940
1273.2 941.3
1278.8 939.4
1274.3 924.8
1261.6 916.3
1262.8 901.9
1249.8 893.6
1245.2 882.8
1243.7 891.9
1238.5 874.8
1245.4 874.5
1253.8 880.3
1254.3 888.5
1262.2 912.3
1260.7 913.2
1266.1 920.6
1267.3 918.8
1275.4 922.1
1284.1 922.6
1287 922.8
1294.1 926.9
1306.3 934.2
1313.7 943.8
1316.2 957.8
1319.4 966.1
1320.3 971.2
1318.6 972.3
1311.7 967.9
1317.4 974.4
1320.6 986.9
1333.4 991.2
1335.4 1000.2
1338 1006.2
1326 1005
1331.9 1016.2
1330.9 994.3
1335.7 1005.3
1355.9 1013.3
1362.4 1029.3
1351.6 1015
1335.4 997.4
1339 1001.3
1344.3 1004.8
1333.7 996.4
1333 992.5
1326.1 991.3
1311.6 978.7
1316.9 975.4
1313.1 958.5
1324.2 969.8
1328.1 972.7
1355.5 996.1
1352.1 998.1
1353.2 1009.3
1328.8 1001
1330 993.6
1330.6 996.4
1328.2 995.8
1330.7 998.8
1315.5 983.1
1315.5 986.6
1302.9 956.3
1321.1 963.6
1318.1 960.6
1333.6 969.1
1326 951.7
1319.9 950.8
1322.4 962.7
1319.4 961.4
1325.9 965.8
1324.4 960
1316.8 955.4
1311.3 948.7
1316.8 952.9
1311.1 943.5
1320.7 949.1
1326.6 947.6
1349.3 946.9
1354.4 948.9
1341.3 945.2
1324.2 934.7
1322.8 927.3
1342.1 930.7
1332.8 925.3
1335.8 912.1
1324.3 909.8
1331.9 912
1336.3 933.9
1342 927.6
1356.5 928.8
1338.4 929
1344.8 927.3
1347.5 925.7
1347.2 933.9
1351.2 939.5
1346.8 933.7
1336.7 925.6
1322.5 916.3
1331.4 928.9
1321.2 906.6
1316.3 904
1320.3 911
1316.2 899
1303.8 888.8
1302.6 888.5
1310.7 898.7
1312.7 905
1312.2 908
1312 907.1
1311.3 911.6
1320.8 920.5
1319 922.4
1316.5 911.5
1288.9 893.8
1290.2 886.5
1288.2 889
1290.2 883.4
1290.2 896.7
1291.7 905.7
1289.3 897.7
1303.7 909.5
1303.3 898.2
1298.7 902.8
1301.5 906.5
1300.1 908.1
1294.8 904.7
1293.1 901.5
1297.5 899.3
1297.1 905.6
1298.7 898.3
1298.1 903.7
1298.9 904.4
1295.1 899.5
1296.9 900.5
1304 908.9
1274.6 885.8
1276.2 881.9
1275.6 862.9
1271.2 872.1
1267.2 861.2
1267.4 871.3
1265.6 866.8
1256.6 869.3
1252.8 856.3
1247.8 850.3
1251.3 852.4
1239.8 809
1251.6 841.8
1257.3 837.1
1254.3 844.2
1258.1 849
1253.8 842
1242.8 831
1245 842.3
1239.6 826.2
1238.1 822.3
1225.7 815.8
1226.3 813.7
1222.4 800.6
1229.5 823.6
1224 825.8
1223.9 829.6
1231.4 833.8
1225.3 832.4
1222.6 826.4
1221.3 826.6
1223.7 840.9
1217.9 812.4
1210.6 823.4
1214.2 832.1
1208.6 821.5
1209.6 826.6
1212.6 824.7
1211.9 829.3
1211.1 824.8
1191.3 794.6
1193 798.5
1177.5 768.7
1176.2 781.3
1176.5 774.1
1186.8 790.7
1192.6 789.8
1196.3 790.5
1187 775.2
1206.3 786.4
1209 801.2
1207.4 793.5
1204.5 794.8
1197.7 790.5
1200.3 785.9
1192.7 777
1194.9 783.1
1197.9 789.7
1193.6 779.2
1193 788.8
1195.4 788.1
1204.7 798.7
1202 802.1
1195 797.4
1199.7 799.7
1196.8 813.7
1202.2 820.7
1206.2 833.1
1196.2 828.5
1199.3 828.2
1200 821.8
1194 824.5
1182.3 810.3
1191.5 818.7
1187.1 824
1202.4 830.1
1198.3 832.2
1197.2 821
1201.2 821.1
1184.4 814.1
1187.2 825.6
1189.3 824.1
1223.5 842.8
1218.1 836.2
1226.4 842.5
1227.3 843.1
1223.7 836.9
1226.5 827.8
1225.3 832.3
1221.2 819
1233.4 832.4
1227.8 828.7
1229.1 828.7
1232.5 829.5
1224.5 832
1222.6 834.6
1212.3 839.4
1236 858.3
1230.9 871.9
1229.8 865
1223.8 867.7
1226.2 875.1
1222.9 866.7
1206.4 852.4
1201.3 841.7
1199.2 837.1
1207.9 830.8
1212.8 842.3
1220.8 843.6
1223.1 855.5
1219 844.9
1225.8 848.1
1221 842.9
1220.2 845.7
1211.2 833.2
1221.4 824.2
1224.1 819.1
1220.2 798
1233.9 808.9
1241.1 802.4
1238.1 787.8
1246.8 788.6
1243.7 780.3
1241.9 783.7
1244.4 805.3
1242.7 795.7
1237 783.5
1252.1 794.6
1263.6 794.6
1253.8 794.6
1267.5 788.8
1269.2 799.5
1277.3 795.5
1279.9 789.6
1278.3 795.9
1281 799.1
1291.8 794.5
1282.7 822
1286.8 818.4
1283.2 816.5
1289.3 820
1284.7 821.3
1287.1 813
1289.1 798.8
1286.2 795.6
1291.6 803.4
1291 807.8
1281.3 797.8
1282.5 786.5
1283.1 792.3
1279.1 799
1297.4 813.5
1302.4 809.7
1308.2 809.9
1309.9 812
1319.7 820.5
1316.9 822.6
1314.3 818.7
1314.2 815.8
1309.5 809.8
1309.4 793.3
1313.7 799.3
1307 782.7
1309.2 785.7
1310.8 788
1309.8 785.7
1318.1 803.4
1340.1 817.3
1343.3 830.5
1323.5 822.6
1329.2 842.2
1325.9 850
1325.1 857
1317.7 867.8
1312.8 873
1296.4 861.6
1284.8 836.8
1282 835.9
1284.9 826.2
1283.8 815.3
1297 816
1288.8 815.2
1296.3 831
1307.5 840.8
1293.4 825.6
1301.8 830.3
1300.3 832.6
1305 851.2
1300.5 858.2
1306.1 859.7
1311.6 847.2
1321.9 856.5
1314.3 858.9
1309.9 855.6
1289.8 838.2
1293 848.9
1288.4 850.1
1290 848.2
1289.9 869.4
1289 900
1290.4 901
1297.1 907.6
1303.5 893.9
1309.1 903.2
1288.6 890.3
1290.6 893.2
1286.8 890.2
1272.6 880.2
1272.2 886.8
1271.9 899.8
1273.5 897.5
1269.3 889.1
1275.5 883.9
1275.8 885.3
1284.9 898.2
1278.6 897.7
1282.8 888.1
1281.4 874.2
1269.7 851
1279.2 871.6
1281.7 877.7
1283.5 870.2
1279.4 861.2
1283.5 848.6
1285.7 862.4
1300.1 852.3
1294.7 856.5
1296.3 845
1285 830.9
1274.5 818.4
1276.1 811.5
1272 812.7
1273.6 802.8
1284.8 797.2
1283 800.6
1276.5 795
1280.6 789.6
1287.1 792.5
1305.8 792.6
1322.7 819.2
1323.4 817.4
1328.3 801.1
1337.6 802.2
1341.2 804.6
1324.7 803.7
1326.4 812.8
1331.9 809.1
1339.2 808
1340.1 803.3
1338.7 793.9
1346.6 801.4
1344.6 805.1
1392.9 804.6
1396.2 811.5
1414.3 812.2
1414.9 810.3
1411.6 817.1
1408.4 812.6
1409.7 835.5
1385.6 831.1
1404.6 827.2
1417.7 837.2
1396.7 805.2
1397 814.3
1397.5 809.1
1410.1 824.1
1404.3 825
1409.9 828.4
1411.4 839.5
1409.2 841.5
1421.3 841.7
1426.1 843.7
1425.1 845.9
1425.3 847.3
1420.1 855.8
1422.8 875.2
1413.9 868.4
1418.5 862.7
1419.6 876.8
1429.7 869.8
1426.1 876.1
1420.9 848.5
1445.6 850.2
1464.6 855.2
1472.4 850.5
1507.3 868.3
1497.7 864.8
1496.6 861.1
1505.3 861
1502.2 857
1515.9 845.3
1519.6 839.3
1512.5 848.8
1500.4 854.1
1504.6 850.1
1504.6 854.1
1497.3 859.3
1526.6 852.5
1526.3 855
1541 865.4
1537.8 906.1
1526.5 917.5
1519.1 929.6
1545.9 953.6
1550.3 982.6
1515.4 962.1
1506.2 956.9
1502.2 951.1
1490.3 935.2
1494.4 938.8
1498.7 951.7
1490.9 951.3
1503.1 938.3
1505.1 943.3
1507.5 933.7
1498.4 941.5
1507.3 941.8
1523.7 952.3
1532.1 953.8
1504.6 926.3
1507.5 935
1499.1 931
1465.7 883.4
1482 879.6
1501 888.3
1507.1 889
1506.2 881.7
1497.7 883.2
1497.2 885.3
1506.1 891.9
1494.8 903.1
1482.7 895.5
1491.7 894.6
1477.6 884.4
1488 886.5
1492.3 889
1488.2 892.3
1482.4 888.5
1481.7 892.3
1489.9 918.4
1498.9 921.6
1499.5 929.1
1490 914.7
1487 920.7
1493.2 926.6
1511.4 930
1508 950.3
1508 935.1
1480.8 926.8
1490.2 928.3
1464.2 910.6
1461.3 889.4
1455.5 877.3
1452.1 866.6
1461.7 871.5
1471.8 879.8
1467.3 891.5
1470.9 892.2
1473.3 909.1
1473.3 917.2
1463.1 914.7
1463.1 889.8
1456.6 897.5
1459.8 908.8
1453.4 892.9
1465.6 897.9
1462.3 897.3
1478.2 909.2
1474 899.5
1476.9 898.5
1459.1 896.8
1459.3 896.4
1462.6 920.5
1469.4 937.4
1466.7 942.7
1475.6 926.7
1475 929.3
1474.6 927.8
1472.6 933.7
1478.2 933.5
1474.7 912.1
1482.5 936.7
1499.1 941.3
1509.3 952.1
1513.8 949.3
1514.5 957.7
1519.5 971.4
1524.5 978.6
1549.2 984.5
1566.2 960.4
1571.8 966
1557.4 959
1551.7 967.1
1557.5 981.2
1548.4 977.3
1542.4 982.2
1552.1 1020.4
1549 995.7
1558.8 1019.4
1556.4 1002
1555.3 1015.8
1564.6 1001.7
1571.1 1005.2
1576.8 985.9
1569.2 990.1
1569.8 968.6
1583.5 977.1
1582.9 959.2
1577.2 968
1550.4 963.4
1557.8 984.4
1565.1 964.7
1568.6 966.6
1574.7 964.3
1565.6 970.9
1567.4 964.5
1575.1 971.9
1582.7 966
1600 991.3
1607.5 1001.7
1616.6 976.2
1644.6 973.4
1672.4 971.7
1646.9 929.8
1640 912.3
1640 903.6
1564.1 862.8
1592.3 858.3
1642.1 868.2
1641.1 874.1
1666.4 864.6
1670.8 895.3
1674.5 861.7
1659.1 868.5
1641.4 867.3
1589.3 780.9
1515.7 743
1485.9 656.7
1524.9 664.4
1477.3 604.1
1478.6 595.9
1484 621.6
1567 627.5
1660.2 701.7
1632.3 745.5
1650.1 737
1623.9 740
1622 723.9
1583.4 724.4
1578.2 712.3
1625.7 726
1633.7 714.1
1677 728
1664.8 741
1665.4 729.6
1736.2 744.6
1744.8 745.8
1756.7 815.7
1727.2 800.6
1720.4 789.3
1689.2 781.3
1701.6 792
1678.2 758
1728.7 764.9
1733.3 787.6
1723.5 773.4
1711.9 776.6
1710.5 792
1703.4 795.4
1684.2 809.5
1694.5 769.9
1706.9 774.2
1704.4 780.1
1684.2 760.9
1721.8 777.5
1709.9 784.7
1695.3 776.7
1704.4 772.8
1713.9 765.2
1738.1 770.4
1753.4 812.5
1731.8 864.7
1744.2 885
1750.6 929.9
1720.5 861.9
1734.6 881.7
1704.8 868.7
1710.3 873.5
1713.3 864
1736.9 870.5
1737.8 897
1725.2 864.6
1697.8 857.8
1718.9 862.8
1676.2 830.1
1698.3 860.7
1714.7 862.3
1713.3 849.5
1732 826.1
1729.3 820.6
1720.3 823.3
1729.6 845.5
1729.2 839.8
1724.8 813.8
1745.9 828.9
1756.7 845.3
1772.1 847.6
1765.8 805.8
1762.1 803.9
1772.5 811.1
1774.8 816.8
1793 840.7
1773.2 825.3
1784 822.5
1788.5 827.8
1804.2 853.8
1815.5 874
1799.2 836.6
1798.2 836.6
1811 854.1
1810.6 828.2
1811.4 835
1798.7 828.8
1808.3 841.9
1815.9 850.7
1842.4 911.4
1864.1 949.3
1889.1 955.1
1897.3 947.9
1931 958.6
1944.7 977.9
1953.5 950.6
1942.3 905.9
1962.8 912.2
1966 924.9
2001.2 949.1
2031.1 983.4
2051.5 1009.6
2010.1 965.1
2024.4 997.5
1932.6 966.6
1934.9 954.4
1956.7 978.1
1937 954.4
1985 963.3
1999.4 971.1
1958.7 952
1933.8 923.1
1934.6 922.3
1927.7 920.8
1911.8 930.6
1940.7 936.4
1921.6 925.6
1964.6 937.5
1967.6 935.7
1968.2 950.5
1934.4 902
1927.6 887.6
1923.9 896.3
1933 908.4
1944.7 923.1
1954.2 939.4
1937.8 938
1953.1 957.1
1956.3 980.8
1960.2 972.3
1940 930
1952.1 937.5
1901.2 875.1
1898.6 856.5
1859.9 842.3
1868.3 837.1
1857.7 841.1
1872.8 881.9
1894.3 887.5
1887.5 901
1908.4 898.2
1900.2 883.4
1912.5 897.2
1901.1 863.9
1883.6 861.2
1888.6 858.2
1919.5 887.9
1922.5 870
1888.5 867.2
1901.3 858.1
1903.2 856.3
1900.8 864.3
1906.4 858.6
1910.4 872.4
1924.6 889.1
1901.1 879
1902 901.7
1902.7 872.5
1908.8 882.1
1876.2 870.3
1865.6 845.4
1877.4 844.6
1890.4 855.8
1908.5 871.4
1894.6 866.7
1945.3 896.8
1950.3 896
1853.2 864.6
1875.4 890
1860.7 865.1
1872.6 881.1
1885.7 893.4
1887.3 925
1884.5 934.6
1873.5 946.7
1861.1 948.2
1872.6 954.1
1837.8 929.1
1804.8 955.7
1805.7 967.3
1781.9 963
1775.7 964.1
1814.1 1002.2
1825.7 1010.4
1836.8 1037
1835.9 1071.2
1861.8 1047.2
1870.8 1035
1834.6 1016.9
1833.6 1026.2
1839.8 1020.6
1828.7 1014.4
1852.3 1038.1
1856.1 1034.2
1887.2 1048.9
1885.7 1041.9
1879.2 1015
1866.6 1008.5
1874.7 1016.2
1879.9 1028
1877.2 1042.2
1879.7 1055.7
1891 1072.6
1893.1 1075.4
1944.7 1066
1952.7 1114.7
1906.9 1105.7
1912.3 1119.7
1834.1 1065.7
1849.6 1039.6
1842.9 1062.9
1853.6 1105.9
1850.3 1121.6
1829.3 1085.7
1839.5 1088.4
1865.9 1112.8
1865.3 1124.2
1855.7 1108.2
1854.9 1101.2
1850.7 1103.8
1844.9 1075.5
1837.9 1068.7
1847.3 1075.8
1860.8 1135.5
1830.5 1092.7
1832.2 1111.6
1788.9 1100.1
1810.9 1130.3
1831.9 1172.4
1835.3 1191.4
1840.6 1244.2
1824.9 1244.4
1821.6 1256.4
1797.2 1277
1771.1 1255.3
1773.4 1272.4
1775.8 1290.6
1806.7 1280
1804.4 1237.4
1796.4 1255.6
1774.4 1229.7
1728.1 1183.5
1722.5 1189.6
1733.1 1212.7
1715.3 1180.4
1700.2 1134.2
1698 1127.1
1677.7 1151.1
1716.6 1174.2
1721.5 1200.6
1722.3 1201.1
1719.5 1199.1
1728.9 1208.3
1730.6 1217.9
1726.8 1198.1
1732.2 1216.2
1741.4 1198.9
1737.8 1182.8
1724.7 1173.8
1732.9 1179.6
1724.9 1153.7
1732.2 1177.5
1712.1 1181.3
1683.9 1157.7
1713.8 1188.5
1726.5 1206.2
1727 1207
1741.5 1237.8
1740.1 1229.3
1756.8 1233.3
1743.3 1207.3
1731.2 1172.2
1746.2 1155
1734.9 1175.2
1765.4 1197.8
1779 1206.2
1769.4 1204
1777.3 1193.8
1792.3 1212.2
1781.2 1206
1777 1230.5
1779.2 1242.6
1778 1246.9
1773.2 1209.4
1768.1 1195.1
1767.3 1203
1791.4 1227.9
1775.8 1229.6
1784.1 1226.6
1815.5 1255.5
1831.1 1252.3
1837.5 1263
1835.9 1238.7
1822.6 1223.5
1823.8 1204.6
1837.9 1220.8
1867.5 1242.5
1867.8 1223.4
1881.3 1199.8
1881.8 1203.2
1876.7 1167.8
1884.6 1175.8
1898.1 1195.1
1901.3 1198.4
1895.7 1177.4
1902.5 1180.8
1902.9 1198.4
1907.5 1191.4
1871.2 1161.3
1889.8 1163.2
1896.8 1173.6
1892.2 1161.6
1893.2 1150.6
1894.2 1144.8
1877.4 1149.9
1864 1164.1
1854.5 1147.6
1859.5 1141
1773.8 1054.3
1767.9 1040.1
1781.8 1049.7
1776.3 1069.3
1782.3 1085.7
1775.6 1093.1
1776.6 1102.8
1779.6 1096.9
1762.8 1067.5
1770.8 1070.5
1775.9 1078.4
1782.6 1085.4
1793.5 1081.9
1801.5 1080.2
1799.6 1073.2
1810 1094.4
1805.5 1121.7
1809.4 1109.8
1824.3 1126.5
1828.4 1136
1814.5 1107
1808.7 1069.3
1810.9 1064.3
1802.9 1073.6
1805 1088.8
1801.4 1059.6
1798.7 1068.7
1799.5 1047.8
1799.5 1056.1
1831.2 1065.5
1812.6 1046.9
1818.1 1054.9
1810.1 1045.8
1810.5 1020.4
1805.1 1005.5
1760 972.3
1723.4 970.9
1728.8 987.2
1750.4 1015.5
1749 1017.3
1775.2 1025.5
1786.9 1020.5
1785 993.4
1781.6 995.8
1780.2 970.6
1781 993.5
1803.2 1013.4
1805.6 1009.4
1788.2 992.8
1792.2 975
1816.6 1005.8
1809 1001.9
1815 1013.9
1813.1 1000
1808.7 993.9
1830.9 1021.2
1795.9 995.4
1790.7 975.3
1797.4 973.8
1789.6 956.7
1792 957.7
1804.7 939.1
1792.4 932.4
1754.6 925.2
1749.4 932.5
1761.8 900.8
1776 951.9
1776.7 1001.3
1747.7 997.2
1749.7 980.9
1750 982.6
1735.8 960.6
1721.5 944.3
1755.3 960.9
1757 972.1
1766.2 960.2
1759.6 959
1760.5 975.8
1757.9 983.9
1756.3 1026.6
1754.6 1004.9
1758.3 1009.7
1793.7 1022.3
1796.7 1050.5
1767.2 1056.7
1764.8 1035.9
1769.7 1044.6
1784.1 1050.2
1781.2 1047.7
1795.5 1050.2
1806 1062.2
1792.7 1032.2
1797.9 1018.4
1801.6 1022.7
1783 1019.6
1795.1 1066.3
1788.7 1038.2
1763.6 1021.3
1793 1028.2
1816.4 1034.7
1827.4 1058.9
1830.2 1060.2
1847.6 1075.8
1863.2 1093.3
1867.9 1088.1
1866.1 1095.8
1853.6 1073
1869.7 1067.7
1861 1055
1851.2 1034.6
1806 1014
1783.5 963.1
1784.1 974.3
1785.3 953.4
1782.3 963.6
1773.6 926.6
1781.6 934.5
1760.7 932.4
1782 925.5
1777.5 935.9
1782.6 949.3
1783.4 955.2
1774.6 937.3
1782.9 933.8
1786.3 924.1
1770.4 910.3
1762.6 893.6
1796.6 928.3
1803.8 933.9
1793.7 926.2
1787.9 927.5
1801.6 968.1
1811.2 974.6
1808.1 968.9
1810.2 979.1
1805.1 968.2
1812.7 963.6
1827.5 964.4
1799.4 953.7
1814 970.4
1824.6 1001.9
1788.7 960.6
1797 957
1798.4 934.4
1818.6 973.8
1827.2 979.9
1821.2 971.9
1816.5 964.4
1812.3 979.3
1843.1 1028.2
1842.5 1050.6
1831.8 1034.7
1841.7 1019.9
1852.7 1023.8
1829.9 1046.1
1793.3 1021.7
1784.9 1004.9
1795 1019.2
1800.3 1021.8
1809.2 1042.3
1803 1028.9
1806.6 1022.8
1820.6 1018.9
1826.6 1035.2
1835.2 1036
1836.2 1041.1
1840.8 1017.3
1868 1026.6
1854.8 1019
1870.2 1062.2
1900.7 1091.2
1898.6 1075.3
1906.1 1084.5
1909.2 1090.1
1925.1 1060.4
1886.5 1048.9
1899.4 1037.8
1942.4 1051.1
1920.9 1067.6
1934.4 1080.1
1965.1 1116.1
1993.9 1115.9
2040.1 1152.5
1985.9 1106.7
1998.1 1094.4
1982.7 1087.8
1959.6 1051.5
1928.5 1001.8
1908 1007.4
1942.1 1030.6
1928.2 1035.2
1928.6 1044.4
1920.7 1024.8
1936.6 1020.7
1961.6 1030.5
1953.8 1007.8
1939.6 990.4
1912 972.3
1933.5 996.8
1949.2 992.5
1919.1 985
1929.2 986.5
1922.9 969.4
1918.4 950.1
1933.8 954.9
1941.6 972.2
1944.3 973.9
1972.1 969
1981 985.2
1970.9 989.6
1982.9 1015.4
1955.7 984.4
1952.3 982.8
1944.9 965.3
1931 925.1
1893.2 902.3
1901.4 911.9
1885.9 910.1
1888.7 910.4
1909.3 937.6
1861.8 930.6
1868.8 956.5
1867 978.2
1874 971.8
1881.2 954.6
1857.1 938.5
1839.9 953.5
1852.6 995.7
1823.8 936.9
1807.4 936.4
1813.5 929
1818.2 947.1
1815.9 927.9
1841.2 957.5
1841.8 946.2
1847.8 955.5
1865.1 946.8
1846.2 933.4
1847.4 941.5
1851.3 945.5
1842.7 969.3
1843.3 997.2
1866.5 1029.2
1845.4 1017.2
1839.2 1030.8
1847.5 1013.7
1851.9 1012.4
1848.8 976.7
1871.5 971.8
1828 933.1
1809.5 911.5
1815.3 925.4
1845.7 951.9
1835.6 931
1834.6 940
1834.3 927.4
1825.7 904.9
1826.5 904.5
1820.9 904.9
1817.5 910.6
1813.7 910.8
1804.1 898.4
1798.9 875.4
1761.8 856.8
1734.9 847.8
1737.9 876.4
1740.6 894
1730 872.2
1723.3 839.7
1734.2 849.9
1704.5 830.6
1702.4 844.2
1709.2 864.8
1710 867.6
1699.5 851.5
1712.7 857.1
1727.1 861.2
1719 864.3
1717.7 859.1
1719.1 871.8
1750.3 871.9
1762.9 884.9
1769 896.7
1771.1 900.1
1758 885.6
1788.5 922.4
1772.9 921.9
1786.8 937.3
1794 931.9
1795.6 945
1789.7 958.3
1798.6 958.3
1781.4 932.5
1773.2 929.9
1760.3 918
1755.3 903.6
1747.6 886.9
1734 866.9
1746.8 875.3
1747.8 866.3
1757.7 873.3
1736.1 854.6
1736.6 853.5
1723.2 830.6
1712.8 826.4
1696.6 804
1709.8 817.1
1700.4 832.7
1715.3 846
1708 865.2
1716.2 876
1728.1 903.3
1705 882.8
1696.5 904.5
1665.4 905
1671.7 900.5
1666.2 918
1659.7 922
1664.6 915.9
1670.8 905.8
1645.3 858.5
1623.3 849.9
1626.7 847.9
1660.4 871.1
1658.5 871.3
1662.4 870
1692.9 911.3
1721.1 943.7
1711.4 924.6
1711.7 931.7
1700.5 929.2
1667.3 906.2
1678.7 909.5
1670.3 891.4
1670 906.8
1641.7 905.3
1657 924
1649 917.7
1627.5 891.5
1630.8 930.1
1651 954.6
1648.7 947.3
1652.8 939.7
1664 982.5
1660.7 987.4
1639.6 958.4
1635.9 939.4
1645 959.8
1645.7 960.2
1627.3 933.4
1672.5 969.8
1676.5 998.7
1712.1 1023.8
1710.1 1006.6
1750.3 1064.3
1766 1047.4
1773.6 1042.3
1773.8 1031.7
1773 1025.5
1760.8 1000.8
1751.9 1002
1737.4 1005.6
1738.3 1013.4
1744.9 1014.5
1753.3 1005.5
1740.1 1017
1748.4 1021.6
1746 1052.3
1801.1 1067.9
1795.9 1039.6
1767.4 1020.5
1769.3 1008.4
1785.5 1024.5
1788.7 1027.6
1798.1 1049.2
1780.5 1021
1813.9 1051.9
1807.5 1051.7
1777.2 1026.2
1790 1013
1787.7 1000.7
1815.9 1026
1815.9 1015
1787 997.6
1795.9 1042.6
1814.8 1042.7
1807.9 1029.8
1819.5 1049.7
1819.7 1073.7
1839.7 1082
1852.8 1080.7
1834.8 1059.1
1864.2 1092.6
1872.7 1086.3
1871.6 1076.6
1874.6 1073.8
1895.5 1074.6
1918.4 1063.7
1907.2 1037.5
1904.4 1034.5
1922.1 1032
1926.4 1038.1
1927.1 1046.7
1933.9 1057.7
1941.2 1037
1929.1 1013.6
1928.6 1007.4
1922.9 1011.4
1929.5 1012
1927.8 992.6
1916.3 1023.5
1862.9 971.8
1866.2 966.1
1871.7 977.7
1877.4 978.7
1866.2 957.9
1862.8 945.6
1851.9 953.3
1854 933.1
1834.2 911.7
1842 925.1
1840.4 915.5
1833 942.7
1832 947.4
1818 939.6
1808.8 902
1817 941.6
1828.9 955.2
1837.7 961.5
1833.5 962.9
1847.7 977.2
1847.9 976.1
1813.9 933.4
1812.7 938.1
1829.3 946.8
1862 959.7
1911.7 1002.5
1906.2 994.9
1926.6 967.9
1919 974.7
1969.8 976.7
1979.2 994.9
1938 974.8
1946.8 985.1
1993.8 991
1982.1 982
1952.4 975.2
1972.4 961.5
1966.1 963.6
1980.3 985.2
1969 994.1
1983.9 986.9
2022.2 1018.7
2020.9 997.5
2011.9 1006.9
1989.1 993.1
2004.8 995.6
2010.9 1018
2041.3 1056.1
2002.2 1044.6
1994.2 1050.4
2007.4 1087.9
1995.2 1096.7
2007.6 1098.7
1979.5 1129.8
1989.1 1088.8
1994 1089.3
1985.7 1097.1
1989.9 1091.3
1990.1 1088.2
1983.4 1062.8
2014.3 1076.4
2028.6 1059.9
2048 1048.4
2017.4 1066.4
2026.3 1088.8
2036.2 1117.1
2030.5 1122.2
2014.7 1108.1
2014.5 1070.1
2018 1077.8
1988.4 1070
1980.7 1085.7
1956.5 1061.3
1978.7 1078.8
1974.8 1080.4
1972.4 1060.7
1962.8 1032.6
1943.1 1029.4
1944.1 1031.2
1958 1030
1963.9 1007.1
1978 1018.2
1952.4 1011.6
1958 1044.5
1965.5 1046.8
1942.7 1032.7
1963.6 1022
1962.2 1020.9
1955.3 1003.4
1944.6 990
1955.3 988.1
1957.8 1000
1958.4 995.4
1935.5 976.1
1933.3 957.1
1912.7 934.6
1919.1 931.8
1923.7 936.7
1914 936.6
1912.3 923.4
1909.2 897.8
1921.1 904.5
1921.7 909.3
1919.6 918.1
1908.7 904.5
1926.2 910.1
1925 929.2
1931.3 925.6
1956.2 948.9
1959.2 975.3
1960.1 974
1952.4 977.8
1977.2 985.2
1977.5 975.4
1968.3 954.7
1964.3 963.1
1960.3 960.5
1962.1 967.7
1968.9 964
1945.4 937
1960.4 937.6
1970.5 949.7
1940.7 931.4
1937.4 921.3
1932 912.8
1939.6 919.4
1933.5 921.5
1924.1 897.9
1915.4 886.2
1914.4 908.2
1912.9 907.9
1910.6 900.1
1902.5 885.9
1896.1 885.3
1884.1 889.6
1886.1 909.2
1893.3 908
1896.4 919.5
1918.5 932.7
1918.2 939.1
1911.1 944.3
1917.9 968.3
1936.5 982.2
1944.3 980.2
1938.2 971.3
1939.8 965.6
1926.2 930.4
1918.1 912.2
1917.5 906.5
1918.4 891.7
1923.3 899.2
1911.3 909.7
1909.1 902.1
1910 908
1923.7 926.4
1931.5 938.3
1932 948.4
1945.6 942.3
1919.2 924.6
1925.4 934.1
1916.6 917.5
1900.4 906.5
1871.6 886.8
1860.4 905.3
1848.1 906.8
1830 876.9
1824.6 868.3
1818.5 864.5
1816.6 852.8
1830.2 871.7
1849.5 879.2
1861 880.5
1872.8 881.6
1869.3 867
1927.4 875.5
1921.1 890.4
1922.7 896.9
1955.3 884.6
1968.4 889.3
1982.5 896.7
1976.3 896.6
1975 884.6
1984.1 904.8
1987.2 900.1
1988.6 897.2
1996.2 931.8
1985.2 936.5
1978.8 922.6
1985.6 922.5
1991.5 936.6
1981.6 910.2
1966.8 891.5
1951.5 865.4
1964.2 856.6
1932.6 838.6
1945.5 857
1961.8 886.2
1960.1 895.3
1983.9 897.1
1981.6 894.7
1977.7 921.5
1999.3 940
1991.4 924.6
2002.2 931.1
2011.8 917.1
2039.7 944.1
2047.1 936.4
2038.1 931.2
2071 932
2024.1 921.1
2018.5 902.6
2030.5 889.7
2029.9 908.1
1998.3 916.2
1978 912.1
1977.8 927.4
1982.3 918.5
2030.2 965.1
2021.1 949.8
2026.3 951.5
2038.4 963
2034.5 971.3
2039.1 967.6
2057.1 979.5
2058.2 980.1
2081.9 1000.1
2073.9 1007.4
2062.4 995
2064.4 985.5
2034.2 974.4
2042.3 953.9
2042.4 959.3
2026.6 946.7
2026.4 931
2021.7 918.8
2014.3 909
2046.7 910.1
2026 895.1
2002.6 882.8
2018.6 903.3
2026.5 897.3
2019.8 894.4
2023.7 896.2
2013.9 905.6
2016.9 887.4
2016.8 911.3
2025.2 928.6
2031.5 923.3
2048.4 924.4
2053 914
2036.1 893.8
2025.7 895.9
2034.5 903.2
2035.2 879.4
2032.2 886.6
2023.3 871.4
2018.2 891.1
1992.9 872.7
1990.3 891.2
2002.1 899.1
2011.5 907.6
2027.5 909.7
2022.3 885
2019.7 901.7
2038.6 906
2028.5 876.8
2034 892.8
2033 880.7
2045.7 879.9
2086.9 884.2
2117.7 900.5
2133.5 883.3
2150.3 910.7
2158 920.1
2178.6 912
2182.5 937.7
2160.4 925.4
2175.4 942.3
2163 933.4
2157.3 941.2
2160.7 918.5
2156.3 898.9
2157.9 897.1
2182.4 910.7
2158.1 896.1
2174.8 906.7
2175.6 908.6
2190.6 895.9
2217.4 907.7
2236.5 900.9
2261 922.2
2294.4 934
2288.8 939.8
2325.7 928.5
2331.7 961.9
2343.5 972.4
2329.6 964.6
2354.8 976.1
2356.2 990.5
2365.8 969.8
2390.8 964
2371.7 942.7
2382.3 945.3
2398.4 934.1
2332.2 922.2
2327.7 913.7
2324.5 910
2329.8 913.7
2334.8 914.3
2345.4 954.1
2291.4 941.2
2299.9 949
2299.2 956.7
2299 959.6
2321.6 959.3
2315.2 981.4
2313.6 978.6
2332.1 984.7
2367.3 1001.1
2336.1 1005.3
2353.4 1039.3
2388.7 1063.3
2380 1065.4
2412.2 1084.6
2433.9 1059.7
2421.7 1056.7
2389.2 1044.1
2335 1025.7
2332.5 1034.8
2355.2 1061.7
2340.3 1042.7
2342.9 1032.9
2322.9 1037.7
2346.6 1018.5
2325.5 991.6
2354.1 996
2370.3 1008.3
2305.2 967.8
2307.7 972.5
2307.5 955.6
2336 968.2
2300.2 951.3
2331.4 955.3
2312.4 967.8
2330.4 974.1
2353.8 981.6
2316.4 993.7
2330 999.1
2316.6 983.7
2299.2 1020.7
2324.5 991.7
2327.7 1001.9
2327.6 978.3
2323 998.2
2359.8 1002
2388.5 1035.3
2355.2 1003.7
2360.1 989.7
2372.2 997.5
2415 1005.5
2414 999
2422.9 998.5
2462.4 1000
2454.8 996.9
2451.8 974.7
2395.5 962.5
2392 945.4
2404.6 945
2413.3 958.8
2351.9 934.9
2380 934.1
2377.3 949
2405 965
2426.5 982.2
2435 965.4
2425.7 962.7
2401.7 911
2389.1 915.4
2390.5 924.1
2422.2 934.3
2432.1 927.6
2462.4 945.1
2466.7 943.1
2439.4 927.6
2453.1 960
2498.6 957.3
2501.8 958.9
2511.3 951.6
2508.4 968.2
2478.9 948.6
2508.4 960.4
2517.7 968.6
2516 959
2501 933.7
2525.7 941.4
2493.8 927.8
2489.9 905.3
2493.4 903.8
2511.4 925.9
2493.5 914.3
2501.8 942.5
2512.3 939.9
2512.1 952.4
2551.2 981.9
2581.3 1006.5
2580.4 987.9
2564.3 982.8
2570.7 974.8
2588 994.1
2619.9 981.6
2626.5 961.5
2651.2 987.4
2659.2 991.4
2669.9 1011.1
2644.3 1008.5
2636.1 979
2667.3 988.4
2647.1 1004.4
2657.1 993.2
2645.8 989.8
2644.8 977
2615 951.7
2606 948.7
2620.6 967.7
2657.6 985
2647.8 994.9
2661.4 987.7
2674 993.8
2691 997
2713.7 1015.1
2723.1 1007.6
2744.2 1033
2714.4 1019.8
2734.9 1024.2
2740.9 1027.2
2742.9 1037.3
2768.4 1051
2788.5 1013.1
2738.3 991.6
2738.6 995.1
2736.1 982.4
2740.3 1000.4
2667.6 986
2698.4 992.8
2687.5 973.6
2611.2 964.3
2600 942.9
2580.8 938.1
2568.2 938.7
2565.7 939.8
2610.6 969.1
2627.1 973.3
2648.2 960.7
2672.1 965.2
2709.9 969.7
2616.8 938.8
2620.3 923.3
2639.9 926.9
2657 949.5
2634.9 945.9
2644.7 955.8
2653.8 948.9
2626.6 937.2
2638.6 930
2664.9 950.2
2697.6 945.3
2733.8 947
2687.5 936.6
2656 921.3
2651.4 938.3
2644.4 941.5
2636.5 932.6
2592.2 921.5
2628.7 934.4
2612.3 946.9
2620 958.5
2638.8 952.2
2617.2 917.5
2606.1 902.4
2629.2 894
2658.9 908.9
2645 934.6
2638.4 929.3
2656.7 962.8
2664.5 969.8
2683.8 970.3
2708.5 982.1
2673.5 962.1
2677.5 936.2
2712.5 931.3
2746.4 934.3
2744.3 951.1
2755 957.2
2767.6 958.2
2763.1 957.1
2777.3 957.6
2737.5 946.9
2766.8 947
2769.1 965.4
2823 1016.5
2812.5 1033.2
2833.9 991.8
2853.3 1002.5
2871.6 1015.6
2856 1013.7
2867.3 1011.1
2914.3 1022.5
2912.5 1026.9
2909 1038.7
2925.9 1033.7
2883.6 1009.8
2931.6 996.6
2919.4 976.7
2940 987.8
2937.6 978.3
2947.9 961.2
2904.5 960.6
2916.8 967.8
2883.2 951.9
2836.8 932.3
2890.2 966.6
2909.6 966.5
2915.3 969.4
2916.6 974.8
2904.7 961.6
2891 962
2912.9 975.4
2939.1 992.2
2984.3 1002.5
2994.5 1010
3000 1023.5
3035.1 1020.5
3035.9 1006.3
3040 989.5
3018.2 976.2
3013.1 962.6
3023.7 973.1
3020.9 967.9
3060.2 983.2
3086.5 977.7
3122.8 1009.7
3163.8 994
