271.4 0.9185
271.9 0.9215
269 0.9015
270.3 0.9255
271.8 0.9195
274.1 0.927
273.9 0.9165
278.4 0.9125
275.6 0.911
273.6 0.9155
273.1 0.895
271.6 0.8985
270.3 0.8965
270.6 0.9095
269.3 0.9045
270.1 0.8925
272.4 0.9025
270.5 0.8985
276.4 0.8795
272.4 0.8895
271.5 0.8915
271.1 0.8805
270.3 0.87
270.1 0.871
270.1 0.8655
266.2 0.8505
264.9 0.829
264.4 0.8415
264.3 0.8425
264.4 0.836
264.5 0.825
264.3 0.8285
265 0.8345
265.8 0.838
264.3 0.819
264.9 0.826
265.1 0.826
265.8 0.8185
265.7 0.822
266.3 0.822
265.7 0.829
266.3 0.8195
270.1 0.8465
269.8 0.861
266.4 0.852
270.1 0.841
268.7 0.8595
270.7 0.8605
269.7 0.8745
273.7 0.856
275.2 0.8475
271.7 0.8525
272 0.8465
268.4 0.818
263.3 0.825
263.2 0.8315
264.2 0.867
264.3 0.853
266.4 0.8495
266.1 0.851
264.3 0.84
264.5 0.839
262.8 0.839
262.8 0.8335
265.5 0.8405
265.6 0.8485
268.5 0.85
267.1 0.844
265.2 0.8295
263.3 0.831
262.8 0.8295
260.1 0.8295
259.9 0.82
260.7 0.8175
259.4 0.8215
255.1 0.827
258.2 0.825
256.1 0.819
258.2 0.801
258.5 0.801
265.8 0.804
267.4 0.801
266.8 0.81
265.2 0.821
262.1 0.8245
261.4 0.834
270.8 0.826
271.6 0.821
260 0.8025
258.1 0.7835
259.8 0.791
260.5 0.794
261.9 0.7855
261.1 0.7785
261.5 0.7805
261.9 0.777
261 0.786
259.7 0.7675
258.8 0.7695
255.6 0.755
258.4 0.761
258.1 0.764
260 0.746
258.3 0.756
257.3 0.765
258.7 0.762
260.1 0.764
263.3 0.765
261.1 0.7615
261.3 0.783
265.3 0.771
264.8 0.7735
263.7 0.757
264.1 0.7605
262.4 0.763
264.4 0.758
263.9 0.759
264 0.7665
264.4 0.774
265.4 0.786
266.3 0.7825
266.1 0.775
266.1 0.7765
270 0.7545
269.1 0.7505
268.3 0.747
268.1 0.7475
272 0.7485
273.6 0.761
287.4 0.7805
285.4 0.795
285.1 0.784
283.6 0.784
279.1 0.7875
277.9 0.786
273.8 0.761
265.7 0.7575
265.3 0.752
266.4 0.7475
264.9 0.7475
265.7 0.757
265.7 0.7495
266 0.7465
273.4 0.7275
271.5 0.7255
272 0.7215
275.3 0.7245
271.2 0.7165
272.4 0.7175
273.4 0.723
272.4 0.713
272.6 0.7195
272.3 0.713
273.7 0.7125
276.2 0.716
272.1 0.723
269.3 0.708
270.6 0.7045
269.4 0.712
267.6 0.7055
265.1 0.698
265.9 0.7035
266.5 0.7015
266.2 0.71
268.3 0.706
266.6 0.698
267.1 0.7
266.9 0.702
268.1 0.7125
270.4 0.7
269.4 0.689
269.9 0.694
268.8 0.6815
269.7 0.6805
267.7 0.682
266.2 0.68
267.4 0.674
264.6 0.674
266.2 0.678
267.4 0.683
267.4 0.6775
267.9 0.673
267.1 0.667
267.2 0.665
267.9 0.6575
273.4 0.664
273.9 0.6585
276.3 0.662
275.7 0.656
275.2 0.6645
279.3 0.684
276.1 0.6745
275 0.67
274.9 0.6755
275.3 0.6835
272.5 0.682
272.6 0.694
272.3 0.689
273.7 0.6945
275.4 0.681
271.6 0.673
272 0.671
273 0.66
271.6 0.6515
288.1 0.6505
291.5 0.6485
289 0.6475
291.9 0.657
290.5 0.6475
293.3 0.6535
291.7 0.65
292.4 0.646
292.2 0.6445
289.9 0.644
290.5 0.636
290.5 0.639
291.4 0.635
292.4 0.637
288.9 0.6355
285.7 0.6345
281.8 0.638
284.9 0.6355
282.1 0.6345
283.4 0.635
279.2 0.628
280.1 0.6205
275.5 0.621
276.1 0.6255
275.9 0.618
277.9 0.6305
279.1 0.6285
280.6 0.634
279.5 0.622
279.7 0.618
279.8 0.6115
278.5 0.614
279.7 0.6135
281 0.604
276.8 0.6125
277.4 0.6385
278.3 0.656
277.8 0.675
277.8 0.675
275.1 0.6705
274.7 0.68
272.7 0.681
273 0.6715
272.9 0.6755
272.3 0.6815
273.2 0.702
274.1 0.7035
273.5 0.713
273.9 0.722
276.9 0.704
275.4 0.6995
273.7 0.694
273.9 0.6765
272.2 0.676
272.2 0.6805
278 0.671
277.7 0.674
280.4 0.6825
275.5 0.6715
276 0.6705
278 0.6765
277.4 0.676
276.5 0.671
278.7 0.653
278.9 0.6525
278.2 0.658
278.9 0.67
278.6 0.7095
278.9 0.7035
283.4 0.7105
287.1 0.7005
287.4 0.704
285.4 0.7035
284.4 0.697
287.3 0.7045
284.4 0.704
283.1 0.6945
281.5 0.699
278.6 0.705
278.1 0.712
278.8 0.7085
278.3 0.698
296.6 0.7415
302.2 0.748
302.6 0.7605
303.2 0.761
305.9 0.761
302.6 0.74
301.1 0.7305
300.1 0.721
300.5 0.7205
298.8 0.725
301.7 0.722
302.2 0.721
302.1 0.715
300 0.714
298.8 0.724
302.1 0.7345
304.5 0.7255
302.3 0.7315
303 0.742
304 0.73
304.3 0.735
308.1 0.7285
311.6 0.735
311.2 0.734
308.9 0.7325
309.1 0.723
308.3 0.73
312.2 0.719
311.2 0.71
311.6 0.7205
308.2 0.7275
309.5 0.725
311 0.733
310.6 0.732
307.3 0.74
308.7 0.743
309.8 0.734
310.6 0.724
315.7 0.722
315.8 0.723
318 0.724
322.5 0.732
320.4 0.735
323.9 0.7535
325.4 0.7475
325.5 0.749
326.5 0.7615
326.7 0.7725
327.8 0.7835
321.2 0.7805
324.9 0.7765
324.6 0.7775
318.7 0.778
319.7 0.763
320.3 0.762
317.7 0.7645
319.1 0.7635
317.4 0.7595
319.2 0.7585
319.8 0.756
323.2 0.75
324.6 0.742
324.3 0.7395
320.2 0.7485
320.5 0.75
319.2 0.7525
313.5 0.7675
314 0.768
312.8 0.756
310.9 0.7485
312.1 0.756
316.1 0.7555
314.7 0.7525
317.2 0.7455
315.6 0.7395
319.6 0.7335
317.2 0.7385
317.4 0.731
317 0.7275
323.9 0.7145
323.6 0.701
312.7 0.6935
311.5 0.6925
309.8 0.687
303.4 0.687
302.5 0.695
303.7 0.689
303.2 0.6775
304 0.682
307 0.679
307.8 0.669
305.5 0.6725
314.3 0.6685
310.4 0.6725
314.2 0.6755
314.1 0.676
314.2 0.674
311.8 0.6685
314.3 0.6805
313.7 0.6745
306 0.6745
308.7 0.6815
307.6 0.6745
306.6 0.6835
306.7 0.6845
309.4 0.688
312.3 0.688
309.4 0.683
312.9 0.684
312.4 0.687
313.4 0.6745
314.9 0.673
318.2 0.668
319.9 0.674
321.3 0.689
317.9 0.7005
316.6 0.6985
318.9 0.697
316.6 0.692
317.1 0.681
317 0.6805
320.6 0.67
322.6 0.6695
321.9 0.675
323 0.6705
325.9 0.6655
322.2 0.67
320.3 0.672
319.7 0.6605
323.9 0.66
320.9 0.664
321.5 0.6695
321.1 0.662
322.1 0.656
321.9 0.659
318.2 0.659
319.6 0.6585
316.5 0.666
316.3 0.678
317.8 0.666
312.6 0.6715
314 0.67
311.6 0.692
312.7 0.688
310.9 0.699
313 0.693
312 0.6905
310.7 0.699
313.4 0.7105
315.2 0.7095
317.7 0.7015
316.5 0.7005
318 0.714
318.8 0.7235
318.3 0.726
318.2 0.723
317.5 0.728
320.5 0.7135
321.3 0.714
321.2 0.719
324.5 0.719
318.7 0.7155
317.9 0.7105
320.7 0.717
319.2 0.727
318.6 0.726
317.4 0.738
317.4 0.739
320.7 0.7355
317.8 0.736
317.7 0.7285
316.8 0.7495
317.6 0.7565
320.2 0.753
322.2 0.753
324.8 0.74
326.3 0.7405
325.8 0.7305
323.5 0.737
324.8 0.736
331.4 0.733
333.2 0.724
337 0.723
337.4 0.7245
342.1 0.718
345.9 0.7135
340.5 0.711
345.1 0.7135
346.8 0.702
348.9 0.696
349.2 0.6995
343.4 0.699
347.6 0.697
346.1 0.714
351.2 0.7265
351.7 0.7345
347.3 0.7315
353.9 0.742
353.3 0.746
354.5 0.74
354.7 0.748
352 0.756
350.7 0.761
357.7 0.757
356.6 0.7545
357.3 0.765
359.7 0.769
364.5 0.7665
368.2 0.765
369.4 0.7565
370 0.753
366.3 0.7625
368.6 0.788
368.3 0.7915
370.8 0.7865
379 0.7775
376.4 0.777
370.1 0.766
369.9 0.7615
363.7 0.774
362.5 0.774
352.6 0.77
357.4 0.749
351.9 0.755
344.2 0.739
349.9 0.7445
353.1 0.751
351.8 0.7765
356.3 0.785
352.3 0.7785
354 0.795
346.1 0.788
350.2 0.775
349.2 0.7875
353.2 0.777
353.1 0.7605
350.8 0.7665
354.7 0.7525
350.5 0.7615
346.5 0.753
335.9 0.7485
336.5 0.7505
337.1 0.768
337.6 0.7605
336.1 0.7735
332.9 0.765
326 0.7755
329.5 0.7655
328.4 0.7675
330.3 0.749
328.7 0.729
328.7 0.7255
335.9 0.7125
334.3 0.7225
329.6 0.717
324.9 0.709
325.3 0.716
321.5 0.727
322.2 0.7205
325.6 0.7175
326.7 0.7135
327.9 0.7245
324.2 0.7235
324.9 0.733
325.8 0.733
327.2 0.736
333.5 0.7275
334.4 0.721
331.5 0.7225
334.8 0.7145
333.4 0.7145
334.5 0.7155
333.7 0.7235
339.1 0.725
342.1 0.7245
341 0.715
342.3 0.7135
342.5 0.719
341.9 0.7305
348.4 0.736
348.6 0.734
351.6 0.7475
350 0.76
352.3 0.7565
352.6 0.757
354.7 0.7575
364.2 0.7605
366.3 0.76
372 0.7675
368.1 0.7645
368.8 0.764
367.8 0.775
365.2 0.767
369.6 0.77
364.5 0.78
366 0.7875
365.2 0.7815
362.6 0.778
368.6 0.78
363.7 0.7805
361.8 0.768
352.2 0.765
355.5 0.7655
353.3 0.7735
356.6 0.76
359 0.7595
363.2 0.7795
357.2 0.7765
361.3 0.7805
356.3 0.773
353 0.766
346.3 0.767
349.3 0.7575
343.9 0.751
345.2 0.7565
346 0.748
351.4 0.746
351.3 0.7565
351 0.7465
348.1 0.7665
344.1 0.765
343.6 0.777
344.3 0.7775
344.8 0.776
347.7 0.794
342.1 0.79
343.1 0.789
344.2 0.778
347.2 0.783
350.9 0.773
350.6 0.769
358.6 0.7755
362.2 0.79
362.7 0.7945
364.8 0.8045
361.7 0.803
356.2 0.7995
354 0.818
346.1 0.816
349.2 0.8075
349.6 0.8065
350.8 0.8025
352.5 0.813
356.3 0.7995
361.7 0.8045
358.5 0.7875
362.1 0.791
366 0.797
363.2 0.79
358.4 0.7945
361.6 0.801
365.6 0.804
360.6 0.8015
363.1 0.802
361.3 0.804
365.8 0.7935
373.5 0.7935
370.5 0.787
375.7 0.803
373.2 0.8095
373.9 0.8245
372.9 0.8135
377.6 0.827
375.1 0.824
381.7 0.8135
380 0.8035
379.7 0.8225
375.8 0.81
374.5 0.8155
373.5 0.8105
376.2 0.819
376.6 0.823
381.8 0.825
387.2 0.826
385.9 0.82
387.5 0.8235
385 0.8275
380.8 0.8165
382.4 0.819
385.4 0.813
384.3 0.8185
383.1 0.8295
369.4 0.834
372.7 0.8345
377.2 0.844
375.4 0.8515
369.2 0.8505
373.6 0.8605
375.2 0.8845
375.7 0.871
372.6 0.8955
372.7 0.8915
371.8 0.892
374 0.9085
381.7 0.903
386.5 0.9105
384.7 0.9035
388.9 0.8905
387.9 0.905
383.2 0.9015
410.4 1.017
409.2 1.026
410.6 1.009
411 1.02
412.3 1.0265
414.8 1.042
416.9 1.04
415.7 1.043
424.4 1.083
422.8 1.067
421.9 1.0625
424 1.1045
426.4 1.0995
426.3 1.08
423.7 1.0835
421.7 1.0925
408.4 1.082
406.7 1.091
412.7 1.1135
411.1 1.114
410 1.1165
407.9 1.1215
406.6 1.1135
410 1.111
414.5 1.1295
398.5 1.1205
402.2 1.143
398.7 1.1425
399.2 1.1675
401 1.1735
398.1 1.1725
403.6 1.18
406.8 1.185
406.4 1.1775
410.2 1.214
413.7 1.2425
410.3 1.2445
416 1.3
412.3 1.3
409.8 1.328
397.5 1.3075
399 1.3125
404.5 1.3255
395.8 1.308
395.8 1.348
396.4 1.343
399.3 1.3945
393.5 1.371
392.4 1.301
392.9 1.3175
401.3 1.338
400.6 1.292
404.2 1.27
400 1.284
400.7 1.3355
395.3 1.309
399.4 1.347
402.4 1.364
406.9 1.3485
411.1 1.3695
412.5 1.379
417.4 1.355
419.8 1.3605
417.2 1.3555
416.7 1.3455
422.1 1.3525
417.1 1.3595
421.7 1.344
427.3 1.3585
427.8 1.371
421.6 1.352
415.4 1.317
418.9 1.327
422.8 1.318
419.9 1.3125
420.1 1.297
407 1.291
399.8 1.303
397.7 1.2945
401 1.3505
400.6 1.368
397.7 1.317
390.8 1.2335
393.3 1.2295
395.1 1.243
396 1.2415
398.6 1.236
405.4 1.278
404.2 1.2895
406.6 1.3135
405.6 1.3085
401.9 1.288
397.1 1.2765
395.2 1.2845
390.5 1.247
390.3 1.2495
387 1.22
389 1.268
387 1.2915
391 1.308
391.7 1.308
394 1.306
392.2 1.298
392.3 1.284
399.8 1.282
400.7 1.2455
400 1.261
395.5 1.276
394.3 1.27
398.9 1.321
402.9 1.319
404.4 1.3115
404.3 1.274
407.1 1.2945
413.2 1.2715
410.5 1.2445
403 1.2415
407.9 1.242
407.4 1.2515
403.3 1.261
407.8 1.262
410.4 1.281
408.8 1.275
406 1.2475
400.5 1.2405
397.4 1.273
399.4 1.2575
398.5 1.265
401.9 1.281
404.1 1.285
405.7 1.278
405 1.2675
404.7 1.298
405.8 1.302
405.3 1.319
408.3 1.3415
407.2 1.38
410.9 1.368
408.1 1.362
409.1 1.3855
412.5 1.378
413 1.393
418.7 1.4
419.5 1.408
414 1.401
418.2 1.4055
418.4 1.4265
418 1.4325
423.1 1.4735
422 1.4735
415.1 1.453
413.2 1.293
418.1 1.2765
418.7 1.316
416.2 1.291
420.3 1.303
423.5 1.306
424.4 1.3185
424.6 1.3095
429 1.28
426.8 1.2865
424.8 1.293
425.1 1.2575
428.5 1.3475
427.3 1.3155
420 1.3295
424.6 1.34
430.1 1.361
433.6 1.3785
432.7 1.379
435.7 1.3885
434 1.383
434.9 1.3925
437.9 1.428
437 1.4365
440.2 1.419
444.8 1.4555
442.6 1.475
446.8 1.482
448.8 1.459
447.8 1.4675
449.3 1.4885
453.7 1.445
451.3 1.443
454 1.4675
450.4 1.437
456 1.435
454.2 1.4335
452 1.406
437.2 1.3755
435.8 1.379
433.9 1.4015
438.9 1.436
435.9 1.444
440.8 1.4645
436.9 1.466
441.6 1.4725
442.4 1.4905
441.8 1.504
440.3 1.475
441.9 1.483
445.2 1.5
444.3 1.5425
436 1.4825
437.5 1.487
428.7 1.5235
428.5 1.395
426.6 1.422
421 1.42
418.9 1.415
419.1 1.4135
421.9 1.44
426.1 1.444
424.5 1.4115
422.7 1.434
423.2 1.44
423 1.4505
422.4 1.458
426.7 1.4765
426.9 1.4755
422 1.4735
426.9 1.4855
426.3 1.4955
425.8 1.4625
421.8 1.463
420.8 1.451
421.1 1.4335
416.6 1.4305
414 1.418
413.6 1.4335
412.6 1.433
412.9 1.43
417.2 1.47
420.5 1.4675
425.8 1.4695
425.9 1.487
425.5 1.476
427.3 1.5035
427.1 1.4945
434.5 1.492
434.9 1.5
434.5 1.483
434.9 1.489
436.5 1.5
432.9 1.4645
432.8 1.477
429.9 1.475
434.2 1.492
435 1.4945
440.3 1.4975
442.1 1.502
442.8 1.495
446.2 1.481
441.1 1.475
440.9 1.4955
443.7 1.506
438.7 1.506
439.3 1.5075
431.1 1.489
431.3 1.4985
425.2 1.447
424.7 1.4595
425.9 1.4605
426 1.4765
428.7 1.509
425.9 1.4925
423.9 1.506
424.5 1.4965
427.1 1.5225
426.5 1.5215
426.9 1.5235
428.6 1.542
427.6 1.5115
429.3 1.475
424 1.4455
424.9 1.463
427.5 1.462
432.9 1.4885
435.3 1.517
433 1.4965
434.3 1.502
434.6 1.504
437.9 1.4815
433 1.463
435 1.498
429.5 1.496
426.7 1.4785
429 1.459
429.8 1.459
426.1 1.472
426.2 1.4765
427.2 1.492
427.2 1.4825
421.6 1.47
420.2 1.4245
418.9 1.4225
419.4 1.4335
421.5 1.466
420.5 1.458
417.4 1.475
416.6 1.4885
417.5 1.505
418.8 1.529
418 1.614
419.8 1.486
416.3 1.505
415.3 1.538
422.7 1.559
423.7 1.5955
426.5 1.6065
424.8 1.593
424.7 1.5985
424.2 1.602
427.4 1.632
429.3 1.615
427.5 1.5845
429.1 1.607
436.2 1.6435
438.3 1.6895
438.4 1.6725
438.9 1.686
438.1 1.675
441.7 1.675
440.5 1.6755
440.3 1.682
436.4 1.6
435.9 1.5535
427.8 1.5365
422.9 1.58
423.5 1.603
423.3 1.6095
422.9 1.6255
425.5 1.624
426.3 1.603
423.9 1.62
419.6 1.618
420.7 1.629
420.5 1.6305
419.7 1.6505
421.7 1.6555
425.4 1.631
424.7 1.6555
425.7 1.658
423.4 1.666
424.7 1.6775
427.3 1.6965
429.9 1.6875
431.9 1.7035
431.9 1.7
436.9 1.709
437.9 1.6945
437.2 1.689
434.7 1.687
434.2 1.652
436.5 1.687
445.5 1.706
445.9 1.7375
442.2 1.771
446.1 1.7795
439.9 1.721
439.5 1.7215
437.2 1.7185
438.1 1.74
439.4 1.7445
437.3 1.717
438.4 1.714
437.4 1.7695
437 1.7105
431.2 1.7435
433.8 1.695
442.3 1.727
444.2 1.747
444.4 1.736
444.9 1.721
446.7 1.6965
449 1.684
449.7 1.719
446.1 1.7
449.8 1.682
455.5 1.678
459.5 1.673
466.7 1.7395
466.2 1.7495
468.9 1.7965
466.6 1.81
463.5 1.7985
465.9 1.841
462.6 1.838
469.7 1.8765
472.1 1.93
463.5 1.926
461 1.923
467 1.928
465 1.9235
472.8 1.9645
471.2 1.968
473.8 1.934
466.3 1.9255
468.2 2.0065
503.3 2.1525
548.3 2.147
553.5 2.13
558.3 2.1425
557.7 2.1725
562.2 2.2185
559.7 2.2315
558.7 2.2965
555.2 2.344
552.4 2.334
550.9 2.35
550.1 2.409
560 2.4115
567 2.475
566.6 2.494
573 2.4765
586.7 2.5035
581.8 2.488
589.4 2.577
586 2.5735
587.9 2.628
595.2 2.6765
588.4 2.6705
597.6 2.739
595.2 2.7515
597.5 2.8215
596.5 2.868
615.4 2.965
620 3.059
632.6 3.0585
619.8 3.066
632.2 3.248
620.6 3.2135
631 3.408
638.8 3.483
633.3 3.26
651.8 3.3355
657.5 3.453
664.7 3.4165
665.9 3.425
674.2 3.593
682.2 3.597
677.8 3.6055
699.4 3.696
703.7 3.784
719.8 4.033
710.3 3.9665
683.6 3.869
691.5 3.982
690.5 3.8305
679.6 3.8695
656.7 3.643
657 3.64
673 4.0755
637 3.8305
648.4 3.9015
650.9 4.015
653.9 3.747
642.5 3.7165
627.6 3.5685
635.5 3.6645
643.2 3.691
629.4 3.5845
627.4 3.679
609.1 3.452
608.2 3.373
606.8 3.3285
562.5 3.0955
562.3 3.1535
566.5 3.309
578 3.3865
568.8 3.2525
576.9 3.2865
587.5 3.3005
582.2 3.2055
584.8 3.3425
584.8 3.444
581.6 3.287
578.3 3.433
576.3 3.2865
572.4 3.3835
578.4 3.4065
571.9 3.373
572.3 3.4
576.3 3.374
588.8 3.3985
594.7 3.56
589.7 3.485
588.9 3.471
599 3.4885
593 3.4445
579.7 3.43
584.4 3.4015
587.6 3.388
596.8 3.382
598.2 3.391
669.4 2.733
656.5 3.5355
660.5 3.6485
673.3 3.5705
665 3.3535
673 3.411
682.5 3.3225
681.7 3.279
695.6 3.3155
700.8 3.2595
703.3 3.264
712.2 3.389
711.9 3.3595
709.5 3.395
709.6 3.391
715.8 3.4175
715.8 3.4425
722 3.5675
732.4 3.574
731.4 3.5725
732.1 3.627
731.6 3.6115
728.3 3.613
964.5 3.8635
972.1 3.852
981.5 3.931
963.9 3.827
986.2 3.9895
975 3.9145
972.2 3.932
969.9 3.8085
974.2 3.799
978.8 3.8515
992.3 3.84
998.2 3.847
1001.4 3.712
1003.2 3.7705
944.7 3.6595
919.6 3.611
918.3 3.655
934.6 3.6995
949 3.751
948.8 3.9035
929.3 3.884
926.2 3.8955
942.5 3.9225
944.8 4.0775
931.9 3.963
927.3 3.865
921.9 3.7125
927.3 3.755
940.9 3.7335
959.5 3.7555
972.7 3.7695
977.7 3.722
961.8 3.677
970 3.735
957.3 3.6865
963.1 3.71
948 3.7355
922.4 3.7165
922 3.677
926.6 3.704
927.6 3.7095
916.4 3.6835
835.5 2.2235
801.5 2.099
785.1 2.181
787.6 2.119
766.1 2.007
733.3 1.851
713.3 1.7955
729.1 1.675
741.7 1.786
739.3 1.8415
752.8 2.0715
865.4 1.566
841.1 1.4945
853.9 1.463
854.3 1.5455
820.3 1.475
820.1 1.5325
808.2 1.473
806.7 1.4385
839.3 1.5135
854.6 1.49
849.6 1.419
858.2 1.381
895.3 1.4575
908.5 1.572
899.2 1.47
888.1 1.4805
915.5 1.761
922.6 1.839
926.1 1.8455
907.4 1.888
895.6 1.9995
871.5 1.9585
882.2 1.991
884.8 1.998
882.2 2.0705
894.7 2.1255
890.9 2.115
892.8 2.2035
879.3 2.1835
867.4 2.2115
887 2.1285
882.1 2.111
891.8 2.0745
905.9 2.013
913.6 2.071
907.4 2.004
892.8 1.914
993.1 2.715
1008 2.809
999.5 2.7255
1003.2 2.6715
1016.7 2.718
1038.6 2.7755
1043.3 2.7705
1055.4 2.887
1047.8 2.8285
1056.7 2.848
1064.2 2.786
1063.9 2.8365
1049.8 2.851
1050.7 2.8375
1057.3 2.9565
1057.8 2.9225
1063.7 3.0265
1057.8 2.988
1055.6 3.024
1042.1 2.9995
1034.7 2.9885
1029.9 2.919
1174.2 3.0935
1181.1 3.1485
1199.1 3.2035
1212 3.2315
1217.4 3.2195
1168.8 3.2135
1163.4 3.185
1142.8 3.1395
1120.4 3.098
1125.7 3.0795
1119.4 3.11
1123.3 3.13
1122.4 3.121
1135.5 3.186
1106.8 3.1105
1110.8 3.121
1095.4 3.1405
1086 3.12
1093.3 3.1845
1104.1 3.271
1107.2 3.3165
1097 3.296
1091.5 3.3255
1095.2 3.3275
1117.7 3.388
1118.1 3.396
1135.9 3.4775
1133.1 3.4115
1138.2 3.388
1150.7 3.4285
1128.9 3.3375
1136.4 3.3875
1142.6 3.376
1130.1 3.355
1139.7 3.437
1112.3 3.346
1102.7 3.285
1089.2 3.3385
1095.2 3.384
1097.9 3.329
1084.4 3.2145
1112.6 3.3065
1102.7 3.214
1096.5 3.2355
1107.8 3.1925
1118.3 3.2685
1117.8 3.333
1136.9 3.3955
1142.7 3.419
1132.6 3.3605
1134.8 3.4025
1123.6 3.3965
1122 3.398
1107.8 3.355
1108 3.366
1101.5 3.3695
1105.1 3.307
1122.2 3.357
1124 3.41
1127.4 3.3875
1107.4 3.3645
1099.3 3.3725
1103.5 3.3695
1088.6 3.3365
1092.7 3.371
1104.2 3.393
1110.3 3.5295
1104.5 3.555
1113.3 3.546
1125.1 3.577
1132.9 3.626
1135.1 3.6095
1152.3 3.592
1152.2 3.581
1161.1 3.5845
1161.6 3.5595
1152.8 3.5955
1159 3.6055
1159.7 3.5965
1136.3 3.5115
1135.2 3.4945
1138.6 3.512
1148.2 3.533
1142.3 3.4845
1153.1 3.5115
1153.5 3.527
1161.7 3.3635
1171.3 3.3675
1168.4 3.3335
1180.1 3.3375
1182.7 3.2785
1168.6 3.1645
1174.6 3.138
1196.9 3.1035
1210 3.131
1200.4 3.215
1219.9 3.194
1242.7 3.176
1228.8 3.2195
1227.4 3.123
1227.7 2.923
1214.3 3.0225
1192.6 2.95
1187.8 2.9355
1175.7 3.0515
1193.8 3.1365
1197.8 3.0335
1213.3 3.0715
1211.9 3.1515
1212.2 3.097
1224.8 3.054
1220.6 3.032
1208.3 2.9385
1216.2 2.8125
1239.3 2.759
1244 2.7725
1228.5 2.8425
1220.8 2.8555
1228.9 2.8995
1223.3 2.99
1233.2 3.0025
1229.3 2.994
1247.5 2.9025
1257.2 2.881
1239.7 2.939
1239.9 2.9905
1234.1 2.934
1245.5 3.003
1255.8 3.093
1238.2 3.0685
1242 2.9155
1245.5 2.936
1206.3 2.865
1207.4 2.904
1194.8 2.96
1198.6 3.0055
1195.8 3.007
1209.6 3.0445
1198.5 2.9995
1213.3 3.0095
1206.8 3.001
1208.1 3.005
1188 2.9235
1181.7 2.9325
1191.5 2.9975
1191.6 3.087
1195.5 3.1605
1187.7 3.185
1183 3.225
1158 3.205
1160.4 3.24
1168.4 3.2855
1181.7 3.307
1183.4 3.385
1185.2 3.355
1193.7 3.4005
1197.2 3.3505
1203.4 3.3395
1200.7 3.3505
1196.2 3.311
1197.5 3.2525
1214.8 3.2825
1214.9 3.2515
1224.5 3.277
1226.6 3.3375
1229.7 3.349
1233.8 3.3175
1227.2 3.291
1226.9 3.2915
1231.8 3.2395
1239.5 3.211
1235.4 3.3055
1236 3.364
1237.1 3.413
1248.3 3.361
1246.3 3.4685
1251.5 3.488
1249.2 3.4935
1257.3 3.4635
1255.6 3.4905
1248.9 3.4335
1244.5 3.397
1245.1 3.4715
1269.7 3.4595
1266.7 3.458
1271.9 3.483
1275.6 3.5135
1279 3.496
1272.4 3.4745
1290.2 3.5585
1294.3 3.585
1296 3.6135
1296.7 3.5935
1306.6 3.634
1308.5 3.6565
1307.8 3.646
1316.1 3.6835
1315.4 3.6575
1338.9 3.719
1346.4 3.746
1333.9 3.6735
1344.2 3.7665
1353.3 3.7795
1345.7 3.781
1369.5 3.814
1376.7 3.809
1371.1 3.8345
1371.2 3.8505
1335.1 3.755
1343.3 3.7885
1324.7 3.7755
1324.4 3.7915
1338.3 3.8565
1338 3.8635
1322.2 3.7735
1342.1 3.785
1357.1 3.732
1350.2 3.7785
1356.4 3.8335
1337.1 3.7795
1382.7 3.9065
1397.3 3.944
1402.8 3.9525
1409.8 4.0395
1399.1 3.966
1403.1 4.018
1365.4 3.8885
1368.4 3.923
1338.3 3.724
1336.8 3.7285
1352.9 3.8305
1352.2 3.833
1357.7 3.7495
1377.5 3.701
1372.9 3.7555
1362.3 3.751
1366 3.758
1385 3.823
1387.3 3.946
1388.5 3.977
1405.4 3.995
1415.3 4.004
1408.3 4.044
1382.5 4.0945
1392.1 4.0815
1384.3 4.105
1397.3 4.1995
1403.6 4.2015
1385.5 4.1265
1370.4 4.1105
1378.6 4.153
1385.5 4.2005
1388.2 4.2705
1386.8 4.269
1380 4.252
1382.4 4.275
1405.2 4.324
1413.1 4.309
1405.6 4.3565
1421.1 4.4395
1422.6 4.4515
1378.5 4.3635
1373.4 4.4015
1371.4 4.321
1368.5 4.2725
1373.7 4.2545
1384 4.339
1385.7 4.402
1386.9 4.367
1360.4 4.4035
1368.1 4.4185
1370.2 4.36
1346.5 4.2625
1341 4.3
1344.5 4.3415
1332.3 4.219
1333 4.2605
1318.4 4.331
1340.7 4.3655
1333.8 4.451
1339.6 4.54
1331.5 4.534
1352.3 4.535
1348.3 4.571
1347.6 4.5675
1363.4 4.568
1364.8 4.5195
1361.9 4.537
1359.9 4.531
1364.6 4.623
1373.6 4.5315
1374.7 4.466
1384.7 4.48
1388.2 4.4785
1400.5 4.3455
1413.4 4.2735
1415.3 4.3265
1408.7 4.436
1409.3 4.478
1430.7 4.4905
1437.2 4.48
1416 4.475
1428.2 4.472
1434.1 4.313
1426.9 4.325
1429.3 4.1995
1412.2 4.1845
1421.5 4.195
1424.6 4.1735
1392.6 4.125
1396 4.187
1404 4.336
1415.9 4.3295
1426.2 4.2755
1427.5 4.3035
1437.9 4.4185
1434.8 4.414
1426.1 4.4085
1419.8 4.3405
1416 4.3375
1423.8 4.266
1438.9 4.3
1428.1 4.2515
1432.2 4.2465
1451.8 4.258
1457.7 4.3635
1458.5 4.409
1473.4 4.495
1467.4 4.4535
1452.9 4.3775
1454.9 4.2885
1471.7 4.2795
1485.3 4.253
1492.3 4.194
1494.5 4.225
1498.3 4.3365
1503.2 4.398
1508.6 4.301
1503 4.3185
1516.7 4.2285
1530.8 4.245
1556 4.1655
1556.7 4.1825
1540.1 4.24
1514.9 4.1205
1480.9 3.9855
1491.2 3.9635
1502.9 4.004
1516.6 4.0295
1501.1 3.902
1506.6 3.9605
1493.4 3.975
1490.4 3.983
1479.8 3.991
1495.6 4.0995
1492.2 4.047
1508.8 4.119
1515.3 3.99
1523.2 4.0125
1526.6 4.102
1522.8 4.107
1536.3 4.1795
1535.9 4.1735
1542.4 4.103
1532 4.0805
1541.7 4.13
1546.5 4.137
1543.3 4.1445
1538.1 4.105
1542.1 4.1035
1528.6 4.052
1515 4.0305
1523.8 4.154
1525.6 4.1215
1529.3 4.1175
1538.6 4.103
1541.5 4.075
1546 4.0895
1552.9 4.09
1520.1 4.041
1500.5 4.0985
1496 4.0515
1499.7 4.092
1509.9 4.2095
1502.3 4.272
1482.3 4.292
1512.3 4.339
1528.7 4.3265
1530.2 4.432
1541.2 4.4025
1548.8 4.3585
1561.9 4.3815
1585.2 4.3945
1589 4.372
1589.8 4.405
1602.1 4.396
1600.9 4.4605
1596.7 4.4285
1586.8 4.3775
1601.3 4.4045
1612 4.4015
1616.6 4.474
1615 4.4405
1613.4 4.4645
1628.3 4.474
1619 4.404
1641.9 4.389
1663.4 4.32
1656.2 4.231
1648.8 4.113
1710.2 3.9575
1740 3.967
1781.3 3.8855
1748.8 4.0045
1740.2 4.0095
1755.5 4.0315
1782.4 3.994
1791.2 4.029
1818.9 3.9645
1848.9 3.9825
1888.7 3.956
1858.3 3.9945
1754.1 3.997
1759.8 4.079
1794.1 4.099
1788.4 4.089
1826.7 4.123
1828.5 4.187
1826 4.1425
1873.7 4.107
1869.9 4.0395
1814.2 4.1155
1854.4 4.128
1856.4 3.9875
1809.9 3.9505
1826.8 3.956
1823.5 3.885
1778.5 3.945
1812.1 3.92
1776.4 3.7715
1806.6 3.7165
1805.5 3.7535
1739.2 3.4805
1637.5 3.272
1592.5 3.275
1650.6 3.4295
1616.3 3.236
1615.5 3.237
1620.4 3.145
1656 3.14
1614.7 3.0945
1640.3 3.0975
1651.9 3.239
1634.5 3.2665
1669.6 3.362
1659.7 3.2875
1681.3 3.3905
1667.3 3.3025
1681.8 3.405
1675.5 3.3735
1651.7 3.3555
1646 3.254
1611.9 3.0545
1635.1 3.219
1651.5 3.447
1699.6 3.419
1722.7 3.488
1746.7 3.689
1746.2 3.702
1724.2 3.629
1711 3.4985
1728.7 3.5785
1764.2 3.5845
1755.3 3.563
1790.3 3.533
1798.4 3.532
1790.9 3.439
1758.9 3.3725
1787.5 3.462
1777.8 3.4855
1781.7 3.499
1773.8 3.482
1719.8 3.382
1724.7 3.402
1678.3 3.299
1702.2 3.3305
1695.7 3.2775
1685.5 3.268
1710.8 3.3585
1713.4 3.376
1745.5 3.563
1735.3 3.522
1747 3.5725
1730.7 3.604
1727.9 3.5655
1740.9 3.545
1709.8 3.4895
1712.8 3.547
1664.2 3.4545
1659.9 3.4325
1584.3 3.271
1574.6 3.2595
1595.6 3.324
1594.4 3.301
1615.6 3.363
1611.9 3.389
1608.9 3.409
1604.7 3.4635
1594.2 3.404
1562.9 3.36
1539.9 3.3655
1565.8 3.4315
1599.7 3.525
1611.9 3.4295
1619.4 3.4225
1616.1 3.431
1607.5 3.4125
1631 3.51
1639.2 3.5415
1647.3 3.644
1630.4 3.632
1655.2 3.726
1659.5 3.747
1654.1 3.7975
1663.7 3.741
1678 3.7945
1664.2 3.804
1699.8 3.825
1726.3 3.897
1731.8 3.8835
1731 3.822
1737.8 3.7875
1747.1 3.8385
1756.8 3.777
1737.9 3.897
1722.8 3.859
1746.4 3.8725
1729.3 3.906
1739 3.9745
1723.3 3.8595
1723 3.837
1715.9 3.8115
1726.3 3.798
1726.8 3.788
1724.5 3.705
1757.1 3.8335
1770 3.83
1784.9 3.8045
1775.1 3.8625
1773.6 3.88
1787 3.912
1709.9 3.8705
1721.1 3.9245
1708.8 3.8955
1703 3.8525
1671.4 3.731
1683.3 3.7605
1698.1 3.786
1710.9 3.8525
1699.2 3.8315
1693.7 3.8965
1642.5 3.842
1659.1 3.892
1655.5 3.874
1666.9 3.906
1646.7 3.828
1650 3.8495
1642.3 3.7675
1662.3 3.8095
1685.5 3.8855
1684.8 3.879
1657.9 3.787
1652.2 3.794
1669.3 3.824
1677.5 3.9185
1670 3.9155
1612.3 3.7855
1628.5 3.7915
1642.5 3.716
1659.5 3.646
1659 3.636
1679.5 3.7165
1659.1 3.623
1648.7 3.624
1650.3 3.644
1638.8 3.628
1640.6 3.6265
1642.1 3.696
1631.9 3.623
1643 3.6715
1641.4 3.7005
1659.6 3.768
1664 3.82
1663.4 3.8335
1661.7 3.84
1653.4 3.7855
1634.2 3.7335
1644.7 3.724
1638.6 3.7775
1604 3.6855
1593.7 3.6695
1595.1 3.6915
1583.6 3.6485
1560.6 3.557
1556.8 3.522
1536.2 3.485
1574.5 3.4795
1591.6 3.4695
1588.4 3.504
1576.3 3.4875
1548.1 3.398
1557.3 3.429
1568.8 3.448
1548.6 3.4635
1563.4 3.3865
1562.6 3.3625
1620.5 3.31
1612.2 3.304
1615.2 3.2885
1632.8 3.379
1586.6 3.3695
1590.1 3.2835
1595.5 3.345
1612.7 3.334
1618.1 3.34
1618.4 3.354
1627 3.385
1625.7 3.396
1622.2 3.4325
1614.8 3.3865
1564.5 3.295
1566 3.305
1587.5 3.314
1574 3.3155
1577.5 3.3465
1549.7 3.326
1603.5 3.49
1597.2 3.465
1621.3 3.5345
1608.9 3.488
1578.4 3.4045
1588.6 3.426
1579.3 3.393
1575.2 3.443
1564.9 3.4115
1591.6 3.5005
1591.2 3.481
1589.1 3.453
1570.4 3.473
1580.1 3.534
1582.5 3.4485
1577.1 3.3815
1576 3.353
1608 3.375
1615 3.394
1617.9 3.426
1619.7 3.415
1610.5 3.4195
1603.7 3.3765
1587.4 3.2925
1606 3.371
1612.9 3.393
1609.7 3.445
1612.9 3.4275
1617.1 3.437
1619.7 3.409
1609.6 3.3585
1599.4 3.3595
1603.7 3.3515
1616.1 3.386
1616.3 3.422
1620.1 3.3735
1639.9 3.4565
1637.4 3.46
1669.6 3.496
1669.8 3.488
1672.4 3.4845
1666.5 3.47
1659.8 3.4625
1653.5 3.4405
1684.6 3.454
1692.9 3.4685
1690.8 3.532
1702.6 3.5235
1737.5 3.656
1728.7 3.7
1731.8 3.7145
1730.6 3.71
1769.1 3.727
1769.8 3.8515
1767.7 3.81
1768.4 3.8025
1769 3.829
1767.7 3.7725
1775.5 3.8035
1762.1 3.7455
1763.8 3.7735
1750.6 3.714
1777.6 3.748
1771.1 3.773
1780.5 3.793
1772.7 3.807
1777.3 3.794
1794.1 3.794
1778.6 3.786
1773.5 3.727
1763 3.729
1763.2 3.729
1768.8 3.759
1758 3.7145
1736 3.7115
1744.7 3.708
1751.5 3.7525
1743.3 3.747
1722.8 3.6485
1725.1 3.6255
1708.3 3.576
1700.5 3.576
1712 3.5645
1710.9 3.5635
1717.5 3.527
1714.1 3.555
1674.1 3.483
1682.2 3.4705
1714.1 3.506
1713.2 3.443
1725.4 3.4705
1730.3 3.4495
1730.3 3.473
1724.2 3.473
1729.5 3.4555
1713.3 3.4645
1714.3 3.4535
1734 3.5275
1723.2 3.515
1727.9 3.496
1751.3 3.5275
1749.5 3.536
1742.2 3.5365
1716.5 3.522
1727.2 3.5885
1710.9 3.6295
1719.6 3.64
1694.4 3.6335
1692.4 3.667
1700.3 3.627
1704 3.6475
1713 3.6905
1708.2 3.671
1716.6 3.7
1695.6 3.6445
1695.8 3.665
1697 3.649
1669.5 3.6365
1666.5 3.595
1644.9 3.525
1659.1 3.5555
1658.6 3.534
1659.8 3.583
1662.6 3.59
1654.9 3.5775
1674.8 3.641
1687.9 3.7245
1673.7 3.7015
1648.1 3.6785
1645.5 3.663
1661.5 3.657
1654.8 3.6565
1677.3 3.6945
1660 3.6395
1668.9 3.6195
1683.4 3.623
1682.7 3.591
1690.4 3.647
1686.6 3.6635
1692.8 3.691
1686.3 3.671
1669.5 3.6645
1656.4 3.6395
1652.4 3.649
1660.7 3.6775
1679.9 3.74
1660.6 3.7235
1669.4 3.7755
1675.3 3.7585
1672.4 3.7615
1677.7 3.7335
1670.4 3.72
1666 3.7535
1648.2 3.718
1648.7 3.7365
1644.2 3.734
1634.7 3.73
1608.8 3.731
1603.6 3.6445
1577.6 3.6055
1578.2 3.5505
1572.4 3.53
1586.2 3.541
1615.2 3.5665
1595.2 3.545
1577.7 3.5275
1571.9 3.4815
1572.1 3.483
1574.6 3.4965
1574.6 3.474
1574.8 3.5015
1576.6 3.4915
1577.8 3.5
1591.5 3.538
1588.3 3.5095
1590.6 3.5235
1592.5 3.508
1604.6 3.417
1611.3 3.3955
1607.5 3.4355
1613.8 3.423
1606.2 3.454
1604.6 3.435
1595.8 3.4325
1606.2 3.435
1594.8 3.395
1600 3.3675
1575.1 3.372
1552.8 3.3255
1551.8 3.3455
1575.4 3.34
1572 3.368
1586.2 3.438
1558.3 3.414
1564.3 3.428
1501 3.349
1360.6 3.28
1386.8 3.3065
1382.2 3.188
1392 3.2045
1395.3 3.1515
1421 3.132
1408.6 3.094
1423.4 3.158
1461.8 3.238
1453.6 3.185
1467.4 3.2255
1472.2 3.1875
1446.3 3.0825
1467.7 3.1045
1464.3 3.3135
1468.1 3.31
1449 3.3005
1473.9 3.371
1468.8 3.3415
1436.8 3.356
1434.5 3.362
1424.7 3.2905
1396.5 3.267
1387.1 3.292
1364.9 3.321
1384.3 3.357
1377.8 3.339
1367.6 3.3775
1392 3.2995
1386.8 3.2915
1379.1 3.3115
1391.3 3.291
1411.5 3.3105
1392.6 3.289
1411.7 3.327
1397.1 3.365
1398.4 3.367
1415.7 3.316
1383 3.266
1386.2 3.239
1377 3.193
1391.8 3.225
1377.6 3.185
1387.3 3.2045
1382.8 3.202
1366.6 3.157
1373.6 3.1435
1285.9 3.0615
1291.6 3.0965
1276.8 3.026
1274.8 3.071
1229.6 3.041
1211.4 3.0525
1223.8 3.0505
1255.9 3.155
1243.6 3.142
1252.1 3.174
1212.9 3.08
1234.9 3.1115
1245.9 3.076
1247.4 3.101
1280.1 3.1835
1277.8 3.1705
1283.8 3.161
1290.8 3.1995
1277.9 3.1405
1284.6 3.1425
1293.3 3.15
1336.4 3.1895
1335.1 3.198
1319.7 3.1815
1329 3.1885
1321.7 3.109
1328.4 3.1165
1324 3.041
1312.4 3.1185
1311 3.164
1310.6 3.1695
1302.6 3.167
1283.2 3.172
1286.1 3.1775
1310.7 3.2705
1312.9 3.3085
1334.7 3.3065
1321.2 3.3185
1334 3.3405
1361.6 3.338
1371.7 3.3645
1366.2 3.3365
1373.1 3.3395
1370.6 3.3115
1371.2 3.333
1395.7 3.352
1393 3.322
1420.6 3.3325
1419 3.307
1412.9 3.244
1396.1 3.225
1412 3.2965
1389.9 3.2365
1373.1 3.241
1386.7 3.258
1386.8 3.2755
1364.1 3.2615
1363.9 3.2565
1330.4 3.2125
1308.4 3.207
1317.9 3.227
1309.5 3.228
1307.8 3.2835
1369.4 3.35
1332.5 3.3275
1326.9 3.308
1316 3.2655
1335.9 3.2805
1323.6 3.304
1338.4 3.3255
1326.5 3.321
1286 3.272
1320.6 3.3115
1317.4 3.262
1309.7 3.2935
1324.8 3.2895
1324.2 3.282
1306.9 3.2215
1296.6 3.241
1268 3.265
1276.4 3.3
1273 3.304
1282 3.3005
1322.7 3.289
1314.4 3.293
1315.7 3.296
1342.5 3.3285
1333.9 3.2665
1350.2 3.261
1352.4 3.2655
1352 3.261
1345.2 3.2755
1349 3.3205
1323.6 3.2945
1313.1 3.2935
1314.6 3.2475
1308 3.2525
1317.7 3.235
1308.4 3.249
1284.5 3.253
1281 3.262
1271.1 3.2365
1268.3 3.164
1286.2 3.161
1287.3 3.173
1272.2 3.1535
1273.4 3.162
1257.9 3.1615
1243.5 3.1975
1244 3.2265
1241.1 3.239
1241.4 3.229
1237.8 3.2005
1250.6 3.2305
1222.3 3.2175
1221.7 3.201
1248.2 3.2715
1233.2 3.2615
1230.3 3.2695
1235.3 3.2955
1262.4 3.3015
1258.5 3.3315
1226 3.332
1235.7 3.352
1245.5 3.376
1231.2 3.367
1236.1 3.361
1195 3.3405
1205.1 3.348
1198.4 3.3505
1205.1 3.4175
1214.1 3.4495
1216.1 3.47
1203.1 3.4205
1201.9 3.4415
1225 3.4315
1238.4 3.406
1237.8 3.412
1229.4 3.411
1225.3 3.3935
1229.3 3.354
1246.7 3.387
1250.9 3.4
1245.2 3.388
1238.1 3.4065
1240 3.391
1251.7 3.3785
1242.3 3.3915
1239 3.375
1262.6 3.3225
1264.5 3.304
1263.6 3.294
1251 3.2855
1262.2 3.268
1242.2 3.238
1240.1 3.2205
1260.4 3.1995
1251.7 3.217
1257.3 3.2145
1257.6 3.259
1263.3 3.271
1274.8 3.272
1290.1 3.27
1295.3 3.3155
1300.4 3.307
1319 3.3205
1324.7 3.3405
1320.6 3.3355
1317.1 3.324
1323.9 3.336
1338.3 3.359
1343 3.338
1328.2 3.2695
1331.6 3.2365
1321.4 3.2385
1350.1 3.2205
1337.8 3.2615
1340.2 3.253
1351.7 3.2755
1338.1 3.1565
1341.4 3.1105
1346.5 3.031
1370.3 3.026
1372.2 2.9905
1379 3.013
1372.9 3.002
1359 2.9945
1341.4 3.028
1330.5 2.976
1336 2.994
1311.2 2.9895
1311.4 3.0455
1303.4 3.0105
1294.7 3.0365
1293.8 3.059
1283.4 3.0465
1279.6 3.055
1290.5 3.065
1284.4 3.047
1303.2 3.043
1298 3.0635
1308.7 3.0765
1305.5 3.066
1320.1 3.068
1318.7 3.066
1327.2 3.067
1300 3.0165
1303.1 3.0505
1293.4 3.0695
1288 3.068
1280.6 3.0785
1284.2 3.082
1290.5 3.1365
1300.7 3.127
1298.9 3.1085
1296 3.0725
1295.6 3.0295
1283.1 3.029
1302.6 3.0815
1309 3.071
1308.3 3.075
1288.6 3.0505
1287.4 3.0825
1287.3 3.1005
1295.6 3.1665
1294.6 3.1495
1305.7 3.174
1293.5 3.162
1293.3 3.161
1293.7 3.1795
1294.5 3.156
1288 3.1305
1294.9 3.152
1291.6 3.18
1265.4 3.1935
1259.3 3.1885
1256.3 3.1535
1245.6 3.136
1243.7 3.179
1244.3 3.1455
1244 3.0935
1253 3.091
1252.1 3.053
1253.5 3.0455
1259.8 3.055
1260.8 3.042
1273.6 3.017
1273.7 3.0305
1274.9 3.047
1271.7 3.0575
1272.4 3.0555
1313.7 3.075
1316.2 3.1175
1318 3.1455
1320.9 3.1465
1322.2 3.1605
1316.1 3.161
1319 3.149
1321.8 3.188
1326.4 3.191
1330.7 3.2525
1320.4 3.265
1316.5 3.2485
1316 3.243
1323.8 3.2365
1338.7 3.256
1337 3.2585
1306.3 3.2385
1296.9 3.2385
1299.6 3.205
1316.7 3.209
1309.2 3.174
1313.7 3.1865
1306.1 3.1955
1304.5 3.195
1290.6 3.254
1303.1 3.227
1303.3 3.231
1298.3 3.2095
1294.9 3.2325
1281.3 3.223
1293.6 3.2065
1287.7 3.2365
1284 3.199
1306.7 3.1625
1310.8 3.1705
1308.9 3.166
1308.5 3.167
1308.8 3.149
1312.8 3.106
1313.9 3.0855
1304.5 3.097
1297.7 3.103
1295.1 3.0855
1293.4 3.174
1273.7 3.172
1278.6 3.199
1277.3 3.2135
1283.8 3.182
1281.9 3.1745
1288.7 3.1265
1285.8 3.135
1263.7 3.1345
1268.9 3.1115
1265.1 3.1385
1265.8 3.158
1252.7 3.1575
1246.8 3.0945
1243.5 3.1045
1237.4 3.087
1229.9 3.102
1233.6 3.081
1235.2 3.16
1234.4 3.1415
1225.7 3.0925
1215.3 3.0885
1216.8 3.038
1221 3.0345
1218.6 3.0595
1221.2 3.06
1214.1 3.029
1217.5 3.053
1210.5 3.0055
1214.6 3.0335
1214.2 2.9965
1192.2 2.9945
1206.7 3.0305
1211.7 3.0345
1205.3 3
1224.6 3.028
1221 3.032
1229.3 3.0365
1233.6 3.085
1244.1 3.0045
1240.5 2.9785
1238.3 3.001
1244 2.9905
1251 3.031
1244.8 3.0225
1228.5 3.05
1231.2 3.051
1229.1 3.078
1229.2 3.1085
1224.3 3.112
1198.1 3.072
1171.1 3.061
1169.4 3.0795
1167.4 3.0335
1145.4 3.0225
1142.3 3.0305
1169.6 3.0525
1159.6 3.0275
1162.8 3.0415
1158.9 3.0345
1161.1 2.9995
1185 3.058
1183 3.0495
1196.7 3.011
1193.6 3.047
1190.7 3.0275
1197.5 3.035
1195.5 3.004
1197.1 2.961
1196.6 2.96
1175.2 2.86
1218 2.9305
1199.2 2.9135
1208.5 2.893
1207.5 2.9325
1190.1 2.9255
1194.7 2.9105
1231.5 2.9465
1228.9 2.914
1225.1 2.941
1222 2.9465
1207.2 2.898
1193.9 2.8775
1194.3 2.8875
1194.7 2.8725
1195.9 2.908
1179.7 2.9035
1177.9 2.902
1173.5 2.8745
1195.3 2.8355
1181.7 2.838
1200.2 2.869
1183.9 2.8385
1186 2.8385
1203.9 2.793
1219.3 2.804
1210.6 2.796
1208.4 2.807
1216 2.7905
1232.7 2.763
1234.3 2.679
1234.4 2.553
1264.7 2.611
1276.9 2.654
1294.2 2.6155
1293.7 2.615
1300.7 2.6005
1292.6 2.5375
1279.4 2.5735
1291.7 2.5135
1285.9 2.5215
1254.6 2.4705
1278.5 2.528
1276.2 2.511
1259.7 2.6
1263.8 2.612
1262 2.612
1233.9 2.603
1240.8 2.599
1231.6 2.5625
1219 2.5525
1220.1 2.609
1226.5 2.6135
1208.1 2.5945
1199.7 2.6395
1207.1 2.6415
1204.4 2.6105
1200.3 2.6395
1196.9 2.7115
1201 2.7075
1209.6 2.714
1212.6 2.716
1207.7 2.711
1204 2.6735
1200.6 2.677
1195.9 2.672
1164.1 2.629
1166.4 2.687
1160.1 2.635
1150.7 2.6225
1152.1 2.6745
1152.6 2.6785
1153.3 2.6775
1148.3 2.6415
1151.4 2.587
1169.1 2.6745
1184.8 2.775
1188 2.808
1191.7 2.815
1197.3 2.805
1205.1 2.8215
1199.8 2.775
1184.8 2.7875
1183.1 2.747
1208.1 2.7565
1200.9 2.748
1218.6 2.732
1210.6 2.777
1203.1 2.7485
1193.6 2.745
1204.6 2.7505
1199.3 2.737
1192.8 2.7195
1201.5 2.7295
1198 2.7855
1202.9 2.7835
1193.5 2.7355
1202.9 2.705
1186.9 2.6695
1194.4 2.698
1175.2 2.752
1203.3 2.774
1214 2.78
1209.8 2.795
1182.4 2.8865
1174.5 2.9315
1186.8 2.924
1193.2 2.94
1190.3 2.9325
1182.4 2.926
1189.1 2.931
1183.2 2.9175
1192.6 2.9505
1218.4 2.95
1225.4 2.946
1225.5 2.949
1227.8 2.93
1206.9 2.8615
1208.9 2.8515
1204.4 2.871
1204.3 2.8335
1187.2 2.8535
1185.9 2.816
1188.1 2.793
1189.4 2.7595
1188.3 2.741
1194.1 2.758
1184.7 2.7505
1174.9 2.7155
1167.8 2.722
1173.2 2.716
1177.3 2.7405
1186.1 2.7715
1179.9 2.693
1178.8 2.6995
1185.3 2.659
1180.5 2.6265
1176.4 2.623
1201.5 2.6285
1201.5 2.592
1183.7 2.588
1176.2 2.634
1172.6 2.6465
1171.5 2.6455
1172.9 2.645
1178.5 2.6385
1171.5 2.6235
1169 2.6355
1163 2.6345
1172.9 2.543
1152.4 2.451
1163.3 2.504
1159 2.558
1157.7 2.5455
1155.2 2.5555
1153.3 2.5445
1147.2 2.5305
1143.8 2.5315
1131.8 2.5045
1106.7 2.484
1103.4 2.4775
1091.4 2.4315
1094 2.3855
1085.6 2.3815
1096.5 2.3505
1096.3 2.403
1092.7 2.408
1088.4 2.3815
1094.9 2.3675
1089.4 2.3475
1090.7 2.365
1085.7 2.353
1090.2 2.348
1094.1 2.3415
1104.2 2.4075
1107.6 2.341
1123.2 2.3605
1115.7 2.3655
1112.9 2.364
1118.6 2.3325
1117.1 2.297
1128.1 2.283
1153 2.323
1159.6 2.307
1153.4 2.269
1138.2 2.323
1124.6 2.251
1122.4 2.334
1133.1 2.3465
1131.6 2.338
1138.7 2.3025
1132.5 2.333
1123.7 2.39
1120.6 2.3195
1120.4 2.4385
1102.2 2.4425
1109.5 2.4545
1103.5 2.462
1107.7 2.414
1102.8 2.436
1119.2 2.4615
1117.3 2.4615
1138.1 2.397
1133.1 2.3985
1125 2.307
1131.6 2.3055
1153.8 2.312
1146 2.2915
1132 2.256
1127.1 2.2535
1115.5 2.3455
1114.2 2.3075
1137.1 2.3295
1138.1 2.36
1146.8 2.359
1149 2.3715
1144.7 2.347
1156.3 2.417
1164.9 2.4195
1165.8 2.3915
1180.1 2.42
1187.9 2.426
1183.6 2.407
1173.3 2.3715
1178 2.3695
1167.6 2.364
1166.6 2.3845
1163.3 2.35
1167 2.3565
1166.8 2.358
1177.1 2.3545
1147.2 2.3155
1141.5 2.3135
1135.8 2.3155
1114.2 2.327
1106.5 2.3195
1104.4 2.2535
1087.6 2.2415
1087.9 2.23
1088.2 2.2165
1084.7 2.2165
1080.8 2.173
1080.8 2.17
1083.7 2.118
1068.7 2.1055
1068.8 2.078
1078 2.0765
1076.4 2.054
1066.8 2.0195
1074.3 2.0535
1070.5 2.0445
1056.2 2.0505
1065.8 2.0445
1063.8 2.0665
1054.2 2.029
1061.7 2.056
1084.5 2.074
1076.4 2.0445
1076.3 2.048
1077.6 2.06
1073.1 2.065
1076.9 2.108
1064.7 2.104
1062.9 2.051
1078 2.061
1050.8 2.0345
1066.2 2.103
1081.9 2.129
1074.8 2.097
1069.4 2.1115
1077.2 2.1115
1070.5 2.0665
1077.5 2.125
1060.1 2.137
1060.3 2.1255
1075.1 2.0705
1078.4 2.0885
1091.9 2.0805
1107.7 2.0155
1097.8 2.0165
1096.5 1.9675
1085.6 1.953
1087.5 1.9505
1073.9 1.971
1091.5 1.9395
1089.9 1.9735
1107.1 1.956
1099.1 1.993
1097.2 1.9985
1106.2 1.9955
1121.7 2.034
1116.1 2.063
1115.6 2.049
1116.4 2.064
1127.9 2.0515
1127.3 2.052
1141.3 2.092
1157.6 2.128
1157.8 2.1005
1197.9 2.0885
1198.7 2.0385
1194.7 2.025
1247.9 2.004
1239.1 2.027
1207.9 2.049
1211.1 2.074
1226.1 2.0715
1230.4 2.0755
1209.5 2.113
1222.3 2.1045
1238.7 2.095
1238.2 2.065
1219.8 2.118
1233.9 2.1285
1230.3 2.1415
1241.1 2.1775
1257.4 2.2045
1269.9 2.271
1263.2 2.2805
1262.1 2.2185
1256.6 2.23
1272 2.2175
1258.7 2.2385
1244.4 2.237
1230.4 2.231
1229.3 2.2315
1264.5 2.289
1253.8 2.2795
1243.8 2.2895
1248.2 2.2845
1223.7 2.2305
1221.4 2.2245
1219.9 2.2415
1235.6 2.2085
1226.9 2.187
1234.2 2.1815
1222.2 2.161
1218 2.138
1228.4 2.135
1222.5 2.1405
1236.2 2.0745
1242.5 2.0865
1256.7 2.0885
1259.4 2.145
1246.8 2.1675
1225 2.171
1233.1 2.152
1233.6 2.164
1253 2.223
1253.2 2.242
1249 2.252
1228.7 2.269
1238.9 2.2585
1242.2 2.2485
1249.2 2.2205
1265.5 2.2245
1289.2 2.279
1294.7 2.2615
1290.7 2.2145
1273.3 2.183
1271.4 2.151
1292.9 2.151
1265.6 2.104
1263.9 2.09
1274.6 2.101
1270.3 2.073
1271.9 2.075
1273.4 2.091
1276.2 2.092
1273.7 2.0815
1254.2 2.063
1252.4 2.0585
1251.1 2.0575
1228.9 2.0695
1223.5 2.105
1220.1 2.1065
1214.8 2.0975
1211.9 2.0725
1209.8 2.0695
1240.1 2.112
1244.6 2.117
1244.4 2.051
1259.8 2.0625
1270.2 2.04
1273.4 2.0315
1284.4 2.0575
1285.6 2.0445
1285.8 2.0935
1296.1 2.05
1292.5 2.0525
1290 2.0935
1270.5 2.1165
1268 2.1355
1261.2 2.1635
1320 2.112
1322.5 2.1265
1315.3 2.17
1323.9 2.1835
1318.4 2.1945
1336.7 2.215
1356.4 2.1815
1364.9 2.1515
1360.1 2.1225
1356.6 2.1185
1355 2.147
1334.1 2.211
1342.4 2.238
1331.3 2.241
1326.5 2.2305
1328.4 2.234
1331.5 2.2615
1318.8 2.252
1330.5 2.256
1323.1 2.234
1319.3 2.216
1320.7 2.225
1326.6 2.185
1332.3 2.206
1349 2.2205
1351.4 2.1965
1364.4 2.2065
1356.1 2.196
1358.8 2.174
1336.4 2.153
1333.4 2.164
1339 2.1495
1344.3 2.1705
1342.5 2.19
1335.8 2.1405
1340.3 2.1515
1350.5 2.172
1342.7 2.152
1351.2 2.167
1340.4 2.1665
1337.7 2.14
1340.6 2.115
1324.4 2.076
1320.1 2.0755
1321.5 2.075
1322.9 2.0725
1311.7 2.069
1306.9 2.0695
1312.2 2.0685
1322.1 2.0715
1349.4 2.084
1344.3 2.093
1336.8 2.096
1330.1 2.0885
1321 2.096
1319 2.0955
1321.5 2.148
1313.5 2.152
1305.8 2.1515
1313.5 2.149
1313.7 2.1555
1326.9 2.145
1340.4 2.1875
1337.2 2.1925
1339.7 2.19
1325.9 2.1615
1319.4 2.1795
1321.7 2.181
1313.3 2.202
1309 2.1835
1266.3 2.1585
1265.2 2.156
1249.8 2.148
1248.9 2.1565
1253 2.1785
1251.1 2.1695
1255 2.115
1253.1 2.1035
1254.4 2.0995
1260.8 2.098
1267.9 2.097
1265.6 2.0905
1265.9 2.0835
1262 2.0875
1271.9 2.1325
1264.8 2.1395
1267.9 2.1655
1275.5 2.1885
1271.5 2.2005
1286.4 2.2245
1306.8 2.226
1302.1 2.2445
1303.3 2.261
1278.3 2.3065
1273.4 2.379
1272.6 2.459
1265.5 2.5495
1221.2 2.5185
1224 2.502
1223.4 2.465
1216.5 2.4875
1208.5 2.464
1209.6 2.5125
1211 2.5425
1189.1 2.606
1178.2 2.667
1190.6 2.656
1187.9 2.595
1170.8 2.6215
1166.9 2.6315
1175.1 2.615
1174 2.689
1167.6 2.672
1175 2.637
1169.8 2.62
1159.4 2.642
1163.5 2.613
1156.7 2.593
1161.3 2.6
1127.8 2.596
1135.3 2.561
1140.5 2.4965
1131.5 2.4995
1131.1 2.4915
1128.8 2.4945
1131.9 2.4725
1137.3 2.508
1139.4 2.495
1156.4 2.479
1150 2.4975
1160.4 2.481
1163.8 2.548
1179.7 2.5295
1171.9 2.538
1183.5 2.53
1184.2 2.6035
1195.6 2.601
1198.9 2.6605
1195.3 2.6805
1212 2.6165
1211.3 2.608
1200.9 2.6015
1204.3 2.617
1215 2.6395
1210.3 2.7005
1197.3 2.7025
1189.5 2.666
1188.1 2.68
1193.2 2.6475
1208.6 2.7215
1205.6 2.7045
1216.7 2.678
1218.5 2.6095
1230 2.6455
1234.2 2.626
1237.6 2.6605
1235.1 2.648
1234.4 2.762
1224.4 2.7765
1223.9 2.731
1231.7 2.736
1240 2.716
1237.6 2.7055
1237.5 2.7455
1232 2.7325
1250.2 2.6425
1256.9 2.68
1257.4 2.6875
1252.6 2.704
1248.9 2.7265
1231.9 2.6795
1225.5 2.687
1224.5 2.643
1215.1 2.6095
1208.5 2.592
1202.4 2.57
1200.7 2.5865
1202.4 2.6165
1201.9 2.624
1200.1 2.6455
1226.5 2.6655
1229.8 2.6795
1233.6 2.6555
1246.1 2.61
1249.3 2.622
1246.9 2.6365
1248.2 2.6235
1255.4 2.625
1255.3 2.669
1253.4 2.67
1245 2.665
1247.3 2.6465
1250.8 2.5975
1255 2.606
1245.4 2.6755
1250.3 2.6555
1254.3 2.645
1251.1 2.602
1271.2 2.606
1275.3 2.544
1285.9 2.5695
1289.4 2.595
1291.7 2.529
1281.4 2.5335
1281.9 2.541
1287.4 2.5365
1275.8 2.5535
1265.6 2.582
1262.1 2.591
1263.7 2.58
1266.1 2.5965
1253.3 2.65
1255.1 2.625
1246.4 2.533
1226.5 2.502
1224.8 2.5195
1225.3 2.4855
1214.3 2.49
1217.3 2.487
1222.7 2.501
1226.2 2.518
1228.6 2.533
1235 2.5445
1257.5 2.5425
1251.7 2.5265
1252.7 2.574
1260.7 2.589
1254.8 2.5905
1252.4 2.578
1255.8 2.592
1267.6 2.5595
1262.1 2.561
1272 2.577
1267 2.5845
1276.8 2.5715
1279.3 2.5545
1294.4 2.5445
1290.1 2.549
1276.3 2.607
1268.5 2.646
1266.1 2.6125
1265.8 2.593
1272.8 2.5705
1252.2 2.564
1254 2.5625
1244.2 2.5895
1241 2.555
1243.4 2.602
1247.6 2.598
1256.2 2.623
1246.3 2.625
1246.4 2.6465
1248 2.662
1244.2 2.683
1240.7 2.699
1217.9 2.681
1220.4 2.649
1222.2 2.6515
1208.6 2.6375
1212.1 2.6395
1213.6 2.6645
1218.1 2.677
1216.3 2.6545
1226.6 2.684
1232.8 2.717
1241.1 2.7235
1241.2 2.703
1244.8 2.7085
1254.3 2.715
1253.9 2.729
1251.7 2.8405
1249 2.869
1259.6 2.874
1268.4 2.8705
1266.6 2.888
1272.6 2.879
1271.8 2.8825
1267.8 2.877
1258.3 2.885
1258.2 2.908
1256.4 2.9425
1273 2.93
1283.7 2.906
1287.7 2.914
1284.2 2.9065
1273.7 2.8845
1276.9 2.9545
1286.4 2.938
1285.7 2.9405
1290.8 2.981
1285.1 2.9865
1288.9 2.9805
1286.5 3.0335
1292.5 3.033
1309.7 3.065
1313.1 3.081
1308.1 3.0645
1316.2 3.079
1324.5 3.098
1339.2 3.1075
1333.9 3.1315
1345.1 3.123
1346 3.0215
1331 3.046
1328 3.0155
1323.4 2.961
1324.7 2.9365
1320.4 2.928
1306.3 2.949
1306.2 2.9495
1312 2.9495
1290.6 2.914
1293.3 2.9245
1306.8 2.9175
1297 2.8975
1283.4 2.911
1285.5 2.9625
1281.5 2.9375
1272.7 2.9395
1271.5 2.9485
1273.7 2.9445
1269.9 3.0315
1271.6 3.0145
1281.8 3.017
1290.6 3.0455
1285.8 3.08
1293.3 3.104
1301.5 3.1185
1299.9 3.224
1283 3.1805
1279.9 3.1635
1286.9 3.153
1277.4 3.1515
1277.7 3.174
1275 3.1865
1275.4 3.1715
1266.3 3.1675
1268.5 3.0935
1274.1 3.102
1267 3.092
1274.1 3.133
1274.9 3.1355
1266.5 3.1105
1279.4 3.1505
1273.7 3.0825
1281.6 3.093
1285.6 3.08
1272.4 3.0695
1277.3 3.1115
1281.5 3.06
1276.5 3.049
1277.4 3.0435
1295.8 3.0625
1274.6 3.0905
1281.1 3.1255
1291.6 3.1345
1286.7 3.166
1293.8 3.1325
1294.7 3.0705
1282.1 3.04
1273.2 3.037
1278.8 3.0655
1274.3 3.063
1261.6 2.9205
1262.8 2.9365
1249.8 2.9405
1245.2 2.955
1243.7 2.988
1238.5 2.9995
1245.4 3.0295
1253.8 3.0485
1254.3 3.11
1262.2 3.122
1260.7 3.1275
1266.1 3.1715
1267.3 3.1945
1275.4 3.2145
1284.1 3.256
1287 3.257
1294.1 3.286
1306.3 3.2795
1313.7 3.256
1316.2 3.237
1319.4 3.2425
1320.3 3.207
1318.6 3.201
1311.7 3.1945
1317.4 3.215
1320.6 3.2135
1333.4 3.2
1335.4 3.199
1338 3.1665
1326 3.177
1331.9 3.167
1330.9 3.1775
1335.7 3.0895
1355.9 3.2085
1362.4 3.199
1351.6 3.1825
1335.4 3.177
1339 3.184
1344.3 3.197
1333.7 3.1765
1333 3.2105
1326.1 3.1775
1311.6 3.0765
1316.9 3.072
1313.1 3.0245
1324.2 3.0775
1328.1 3.1545
1355.5 3.2285
1352.1 3.239
1353.2 3.243
1328.8 3.186
1330 3.2115
1330.6 3.2375
1328.2 3.2085
1330.7 3.196
1315.5 3.1575
1315.5 3.1075
1302.9 3.0995
1321.1 3.101
1318.1 3.1055
1333.6 3.137
1326 3.114
1319.9 3.0585
1322.4 3.116
1319.4 3.104
1325.9 3.119
1324.4 3.14
1316.8 3.111
1311.3 3.093
1316.8 3.0695
1311.1 3.0255
1320.7 3.0485
1326.6 3.012
1349.3 2.9845
1354.4 2.9605
1341.3 2.9915
1324.2 2.994
1322.8 3.019
1342.1 3.0405
1332.8 3.058
1335.8 3.007
1324.3 3.0695
1331.9 3.054
1336.3 3.0715
1342 3.131
1356.5 3.112
1338.4 3.06
1344.8 3.0675
1347.5 3.0915
1347.2 3.075
1351.2 3.1535
1346.8 3.128
1336.7 3.1315
1322.5 3.108
1331.4 3.1385
1321.2 3.132
1316.3 3.113
1320.3 3.046
1316.2 3.0525
1303.8 3.015
1302.6 3.0475
1310.7 3.059
1312.7 3.0655
1312.2 3.0595
1312 3.0405
1311.3 3.0395
1320.8 3.0925
1319 3.095
1316.5 3.0785
1288.9 3.0425
1290.2 3.0585
1288.2 3.077
1290.2 3.051
1290.2 3.0855
1291.7 3.119
1289.3 3.0605
1303.7 3.0855
1303.3 3.067
1298.7 3.052
1301.5 3.0595
1300.1 3.058
1294.8 3.0915
1293.1 3.1265
1297.5 3.191
1297.1 3.2545
1298.7 3.268
1298.1 3.293
1298.9 3.2505
1295.1 3.2425
1296.9 3.248
1304 3.2165
1274.6 3.141
1276.2 3.1035
1275.6 3.0465
1271.2 3.0465
1267.2 3.025
1267.4 3.0325
1265.6 2.992
1256.6 2.997
1252.8 2.9895
1247.8 2.9535
1251.3 2.951
1239.8 2.9315
1251.6 2.906
1257.3 2.814
1254.3 2.813
1258.1 2.839
1253.8 2.8285
1242.8 2.7335
1245 2.768
1239.6 2.77
1238.1 2.757
1225.7 2.7395
1226.3 2.752
1222.4 2.686
1229.5 2.746
1224 2.737
1223.9 2.8
1231.4 2.806
1225.3 2.804
1222.6 2.7875
1221.3 2.779
1223.7 2.819
1217.9 2.735
1210.6 2.727
1214.2 2.7535
1208.6 2.721
1209.6 2.741
1212.6 2.7405
1211.9 2.7555
1211.1 2.7325
1191.3 2.722
1193 2.6755
1177.5 2.557
1176.2 2.6135
1176.5 2.6245
1186.8 2.6635
1192.6 2.6895
1196.3 2.6685
1187 2.6525
1206.3 2.699
1209 2.705
1207.4 2.734
1204.5 2.709
1197.7 2.6905
1200.3 2.649
1192.7 2.5835
1194.9 2.5925
1197.9 2.6185
1193.6 2.6035
1193 2.6105
1195.4 2.604
1204.7 2.6585
1202 2.6645
1195 2.6275
1199.7 2.6335
1196.8 2.712
1202.2 2.71
1206.2 2.721
1196.2 2.8365
1199.3 2.816
1200 2.8035
1194 2.807
1182.3 2.7645
1191.5 2.787
1187.1 2.774
1202.4 2.795
1198.3 2.8225
1197.2 2.765
1201.2 2.751
1184.4 2.755
1187.2 2.795
1189.3 2.769
1223.5 2.797
1218.1 2.793
1226.4 2.7805
1227.3 2.7705
1223.7 2.767
1226.5 2.7375
1225.3 2.768
1221.2 2.774
1233.4 2.747
1227.8 2.7465
1229.1 2.7485
1232.5 2.744
1224.5 2.7385
1222.6 2.663
1212.3 2.6635
1236 2.7215
1230.9 2.803
1229.8 2.7555
1223.8 2.7305
1226.2 2.7525
1222.9 2.737
1206.4 2.6865
1201.3 2.678
1199.2 2.687
1207.9 2.7095
1212.8 2.749
1220.8 2.804
1223.1 2.8045
1219 2.7665
1225.8 2.7945
1221 2.7705
1220.2 2.7585
1211.2 2.7105
1221.4 2.796
1224.1 2.778
1220.2 2.7775
1233.9 2.7995
1241.1 2.7485
1238.1 2.7405
1246.8 2.7575
1243.7 2.7185
1241.9 2.766
1244.4 2.7685
1242.7 2.7625
1237 2.7605
1252.1 2.7215
1263.6 2.702
1253.8 2.6785
1267.5 2.6685
1269.2 2.7085
1277.3 2.6675
1279.9 2.679
1278.3 2.628
1281 2.625
1291.8 2.5705
1282.7 2.6515
1286.8 2.641
1283.2 2.6605
1289.3 2.662
1284.7 2.6435
1287.1 2.6695
1289.1 2.6455
1286.2 2.6505
1291.6 2.6935
1291 2.7
1281.3 2.741
1282.5 2.689
1283.1 2.694
1279.1 2.6735
1297.4 2.738
1302.4 2.6875
1308.2 2.732
1309.9 2.773
1319.7 2.789
1316.9 2.775
1314.3 2.795
1314.2 2.817
1309.5 2.8355
1309.4 2.8285
1313.7 2.81
1307 2.7915
1309.2 2.7745
1310.8 2.774
1309.8 2.776
1318.1 2.8025
1340.1 2.8815
1343.3 2.93
1323.5 2.9025
1329.2 2.961
1325.9 2.95
1325.1 2.944
1317.7 2.959
1312.8 2.95
1296.4 2.9335
1284.8 2.911
1282 2.936
1284.9 2.9185
1283.8 2.9115
1297 2.894
1288.8 2.9
1296.3 2.9275
1307.5 2.9335
1293.4 2.8885
1301.8 2.9035
1300.3 2.9035
1305 2.9195
1300.5 2.9155
1306.1 2.9
1311.6 2.836
1321.9 2.8495
1314.3 2.8505
1309.9 2.858
1289.8 2.8685
1293 2.936
1288.4 2.9205
1290 2.904
1289.9 2.9465
1289 2.9085
1290.4 2.8925
1297.1 2.9295
1303.5 2.9315
1309.1 2.9225
1288.6 2.886
1290.6 2.946
1286.8 2.934
1272.6 2.9305
1272.2 2.9755
1271.9 2.9275
1273.5 2.9065
1269.3 2.8985
1275.5 2.9175
1275.8 2.8775
1284.9 2.97
1278.6 2.895
1282.8 2.9015
1281.4 2.803
1269.7 2.784
1279.2 2.825
1281.7 2.837
1283.5 2.794
1279.4 2.7855
1283.5 2.7835
1285.7 2.785
1300.1 2.7295
1294.7 2.7345
1296.3 2.7535
1285 2.7585
1274.5 2.748
1276.1 2.736
1272 2.7235
1273.6 2.686
1284.8 2.6865
1283 2.7065
1276.5 2.7035
1280.6 2.6725
1287.1 2.6605
1305.8 2.646
1322.7 2.6555
1323.4 2.6735
1328.3 2.627
1337.6 2.654
1341.2 2.6305
1324.7 2.664
1326.4 2.6755
1331.9 2.659
1339.2 2.661
1340.1 2.6345
1338.7 2.651
1346.6 2.707
1344.6 2.6845
1392.9 2.7155
1396.2 2.706
1414.3 2.7055
1414.9 2.7355
1411.6 2.711
1408.4 2.7125
1409.7 2.7055
1385.6 2.6795
1404.6 2.6575
1417.7 2.6795
1396.7 2.6585
1397 2.656
1397.5 2.6245
1410.1 2.693
1404.3 2.6825
1409.9 2.6915
1411.4 2.7075
1409.2 2.6935
1421.3 2.71
1426.1 2.704
1425.1 2.7445
1425.3 2.7145
1420.1 2.694
1422.8 2.704
1413.9 2.6955
1418.5 2.6765
1419.6 2.7095
1429.7 2.6705
1426.1 2.658
1420.9 2.66
1445.6 2.565
1464.6 2.537
1472.4 2.551
1507.3 2.565
1497.7 2.602
1496.6 2.584
1505.3 2.58
1502.2 2.6245
1515.9 2.5865
1519.6 2.5895
1512.5 2.59
1500.4 2.597
1504.6 2.574
1504.6 2.5815
1497.3 2.5535
1526.6 2.526
1526.3 2.54
1541 2.5435
1537.8 2.551
1526.5 2.5595
1519.1 2.533
1545.9 2.5125
1550.3 2.579
1515.4 2.6245
1506.2 2.6155
1502.2 2.6105
1490.3 2.6105
1494.4 2.5975
1498.7 2.6235
1490.9 2.681
1503.1 2.621
1505.1 2.6095
1507.5 2.5955
1498.4 2.591
1507.3 2.59
1523.7 2.5945
1532.1 2.5895
1504.6 2.595
1507.5 2.56
1499.1 2.583
1465.7 2.5645
1482 2.552
1501 2.5615
1507.1 2.5455
1506.2 2.5555
1497.7 2.572
1497.2 2.5635
1506.1 2.562
1494.8 2.605
1482.7 2.6185
1491.7 2.6235
1477.6 2.604
1488 2.5795
1492.3 2.587
1488.2 2.625
1482.4 2.635
1481.7 2.622
1489.9 2.6625
1498.9 2.659
1499.5 2.6665
1490 2.6725
1487 2.6825
1493.2 2.6805
1511.4 2.633
1508 2.651
1508 2.667
1480.8 2.695
1490.2 2.661
1464.2 2.724
1461.3 2.678
1455.5 2.66
1452.1 2.642
1461.7 2.6365
1471.8 2.6185
1467.3 2.635
1470.9 2.6175
1473.3 2.6535
1473.3 2.6465
1463.1 2.621
1463.1 2.6475
1456.6 2.6475
1459.8 2.6745
1453.4 2.6745
1465.6 2.642
1462.3 2.6325
1478.2 2.608
1474 2.644
1476.9 2.6485
1459.1 2.711
1459.3 2.7465
1462.6 2.7555
1469.4 2.7825
1466.7 2.7895
1475.6 2.7805
1475 2.8205
1474.6 2.8195
1472.6 2.817
1478.2 2.8315
1474.7 2.811
1482.5 2.817
1499.1 2.8385
1509.3 2.8645
1513.8 2.8365
1514.5 2.8275
1519.5 2.794
1524.5 2.833
1549.2 2.7985
1566.2 2.8005
1571.8 2.804
1557.4 2.819
1551.7 2.8105
1557.5 2.8185
1548.4 2.8615
1542.4 2.876
1552.1 2.87
1549 2.852
1558.8 2.8495
1556.4 2.7985
1555.3 2.767
1564.6 2.726
1571.1 2.6855
1576.8 2.5965
1569.2 2.5795
1569.8 2.5535
1583.5 2.5235
1582.9 2.52
1577.2 2.513
1550.4 2.5475
1557.8 2.579
1565.1 2.5985
1568.6 2.559
1574.7 2.5575
1565.6 2.5885
1567.4 2.606
1575.1 2.6195
1582.7 2.6055
1600 2.61
1607.5 2.6125
1616.6 2.595
1644.6 2.618
1672.4 2.5925
1646.9 2.5965
1640 2.5765
1640 2.5715
1564.1 2.546
1592.3 2.601
1642.1 2.5795
1641.1 2.593
1666.4 2.5825
1670.8 2.573
1674.5 2.524
1659.1 2.534
1641.4 2.512
1589.3 2.481
1515.7 2.474
1485.9 2.3985
1524.9 2.3155
1477.3 2.1605
1478.6 2.2
1484 2.1905
1567 2.1195
1660.2 2.1975
1632.3 2.234
1650.1 2.208
1623.9 2.197
1622 2.162
1583.4 2.24
1578.2 2.192
1625.7 2.233
1633.7 2.21
1677 2.235
1664.8 2.2885
1665.4 2.278
1736.2 2.2775
1744.8 2.3205
1756.7 2.347
1727.2 2.3125
1720.4 2.3045
1689.2 2.3535
1701.6 2.3345
1678.2 2.267
1728.7 2.3175
1733.3 2.324
1723.5 2.348
1711.9 2.382
1710.5 2.379
1703.4 2.3745
1684.2 2.354
1694.5 2.3185
1706.9 2.324
1704.4 2.341
1684.2 2.3525
1721.8 2.3855
1709.9 2.4085
1695.3 2.382
1704.4 2.3605
1713.9 2.349
1738.1 2.351
1753.4 2.3335
1731.8 2.405
1744.2 2.423
1750.6 2.4675
1720.5 2.452
1734.6 2.409
1704.8 2.4385
1710.3 2.4025
1713.3 2.413
1736.9 2.4265
1737.8 2.4745
1725.2 2.4945
1697.8 2.4965
1718.9 2.493
1676.2 2.557
1698.3 2.57
1714.7 2.6005
1713.3 2.657
1732 2.5865
1729.3 2.6015
1720.3 2.5685
1729.6 2.566
1729.2 2.592
1724.8 2.591
1745.9 2.615
1756.7 2.6555
1772.1 2.66
1765.8 2.6505
1762.1 2.6625
1772.5 2.672
1774.8 2.6795
1793 2.7135
1773.2 2.717
1784 2.7335
1788.5 2.766
1804.2 2.7875
1815.5 2.8145
1799.2 2.828
1798.2 2.887
1811 2.942
1810.6 2.916
1811.4 2.8705
1798.7 2.886
1808.3 2.8875
1815.9 2.8985
1842.4 2.941
1864.1 2.9085
1889.1 2.9245
1897.3 2.882
1931 2.888
1944.7 2.905
1953.5 2.9055
1942.3 2.9045
1962.8 2.859
1966 2.908
2001.2 2.8895
2031.1 2.9115
2051.5 2.9055
2010.1 2.7905
2024.4 2.8585
1932.6 2.872
1934.9 2.887
1956.7 2.804
1937 2.856
1985 2.898
1999.4 2.971
1958.7 3.019
1933.8 2.97
1934.6 2.9135
1927.7 2.9225
1911.8 2.931
1940.7 2.9595
1921.6 2.965
1964.6 2.995
1967.6 3.041
1968.2 3.0095
1934.4 3.003
1927.6 2.958
1923.9 3.0465
1933 3.0125
1944.7 3.04
1954.2 2.987
1937.8 3.034
1953.1 3.0665
1956.3 3.063
1960.2 3.058
1940 3.0665
1952.1 3.1135
1901.2 3.0295
1898.6 3.059
1859.9 2.9935
1868.3 2.969
1857.7 2.973
1872.8 2.9895
1894.3 2.9835
1887.5 3.0285
1908.4 2.8635
1900.2 2.9785
1912.5 2.965
1901.1 2.9655
1883.6 3.0345
1888.6 3.042
1919.5 3.0795
1922.5 3.061
1888.5 3.0425
1901.3 3.0475
1903.2 3.083
1900.8 3.065
1906.4 3.081
1910.4 3.1435
1924.6 3.1945
1901.1 3.15
1902 3.1255
1902.7 3.0885
1908.8 3.09
1876.2 3.057
1865.6 3.052
1877.4 3.0435
1890.4 3.0735
1908.5 3.087
1894.6 3.101
1945.3 3.1045
1950.3 3.149
1853.2 3.1515
1875.4 3.1505
1860.7 3.129
1872.6 3.143
1885.7 3.1755
1887.3 3.22
1884.5 3.1965
1873.5 3.198
1861.1 3.2035
1872.6 3.2935
1837.8 3.2595
1804.8 3.3
1805.7 3.312
1781.9 3.3995
1775.7 3.4205
1814.1 3.468
1825.7 3.475
1836.8 3.479
1835.9 3.514
1861.8 3.5085
1870.8 3.494
1834.6 3.508
1833.6 3.5705
1839.8 3.524
1828.7 3.522
1852.3 3.538
1856.1 3.554
1887.2 3.597
1885.7 3.6285
1879.2 3.573
1866.6 3.518
1874.7 3.552
1879.9 3.56
1877.2 3.57
1879.7 3.553
1891 3.543
1893.1 3.514
1944.7 3.553
1952.7 3.6405
1906.9 3.65
1912.3 3.6955
1834.1 3.6735
1849.6 3.564
1842.9 3.605
1853.6 3.617
1850.3 3.668
1829.3 3.603
1839.5 3.636
1865.9 3.6475
1865.3 3.6555
1855.7 3.6355
1854.9 3.6405
1850.7 3.628
1844.9 3.5715
1837.9 3.583
1847.3 3.5735
1860.8 3.562
1830.5 3.539
1832.2 3.5785
1788.9 3.566
1810.9 3.639
1831.9 3.679
1835.3 3.7335
1840.6 3.7855
1824.9 3.7875
1821.6 3.802
1797.2 3.848
1771.1 3.836
1773.4 3.9165
1775.8 4.09
1806.7 4.1525
1804.4 4.1875
1796.4 4.301
1774.4 4.266
1728.1 4.0945
1722.5 4.1195
1733.1 4.2315
1715.3 4.153
1700.2 3.991
1698 4.087
1677.7 4.1035
1716.6 4.0195
1721.5 4.042
1722.3 4.143
1719.5 4.1455
1728.9 4.1465
1730.6 4.079
1726.8 4.128
1732.2 4.117
1741.4 4.1235
1737.8 4.149
1724.7 4.088
1732.9 4.0715
1724.9 3.985
1732.2 4.0785
1712.1 4.043
1683.9 3.983
1713.8 4.003
1726.5 4.0035
1727 4.149
1741.5 4.1265
1740.1 4.064
1756.8 4.1035
1743.3 4.0505
1731.2 4.03
1746.2 4.043
1734.9 4.14
1765.4 4.2305
1779 4.18
1769.4 4.25
1777.3 4.224
1792.3 4.2865
1781.2 4.2805
1777 4.343
1779.2 4.448
1778 4.743
1773.2 4.537
1768.1 4.493
1767.3 4.479
1791.4 4.543
1775.8 4.536
1784.1 4.539
1815.5 4.619
1831.1 4.766
1837.5 4.7335
1835.9 4.7785
1822.6 4.7525
1823.8 4.7055
1837.9 4.664
1867.5 4.7215
1867.8 4.7355
1881.3 4.5895
1881.8 4.582
1876.7 4.496
1884.6 4.5415
1898.1 4.522
1901.3 4.533
1895.7 4.6665
1902.5 4.6825
1902.9 4.662
1907.5 4.6
1871.2 4.4715
1889.8 4.5375
1896.8 4.535
1892.2 4.563
1893.2 4.5365
1894.2 4.49
1877.4 4.5415
1864 4.532
1854.5 4.34
1859.5 4.3925
1773.8 4.1845
1767.9 4.1625
1781.8 4.1875
1776.3 4.2345
1782.3 4.331
1775.6 4.3115
1776.6 4.299
1779.6 4.278
1762.8 4.2765
1770.8 4.2965
1775.9 4.242
1782.6 4.282
1793.5 4.258
1801.5 4.329
1799.6 4.2715
1810 4.3525
1805.5 4.323
1809.4 4.3145
1824.3 4.277
1828.4 4.333
1814.5 4.3325
1808.7 4.2105
1810.9 4.2735
1802.9 4.2825
1805 4.348
1801.4 4.4065
1798.7 4.589
1799.5 4.546
1799.5 4.479
1831.2 4.52
1812.6 4.4805
1818.1 4.432
1810.1 4.383
1810.5 4.33
1805.1 4.3455
1760 4.3455
1723.4 4.287
1728.8 4.3515
1750.4 4.364
1749 4.356
1775.2 4.387
1786.9 4.322
1785 4.2
1781.6 4.116
1780.2 4.0385
1781 4.1345
1803.2 4.2345
1805.6 4.255
1788.2 4.265
1792.2 4.246
1816.6 4.3165
1809 4.361
1815 4.36
1813.1 4.263
1808.7 4.29
1830.9 4.3255
1795.9 4.2775
1790.7 4.232
1797.4 4.2835
1789.6 4.448
1792 4.3635
1804.7 4.318
1792.4 4.4035
1754.6 4.2785
1749.4 4.2455
1761.8 4.117
1776 4.128
1776.7 4.2525
1747.7 4.231
1749.7 4.2875
1750 4.2935
1735.8 4.245
1721.5 4.2
1755.3 4.09
1757 4.1935
1766.2 4.2465
1759.6 4.202
1760.5 4.157
1757.9 4.251
1756.3 4.283
1754.6 4.3745
1758.3 4.329
1793.7 4.5205
1796.7 4.6315
1767.2 4.734
1764.8 4.7305
1769.7 4.714
1784.1 4.756
1781.2 4.5865
1795.5 4.526
1806 4.5515
1792.7 4.4865
1797.9 4.387
1801.6 4.4375
1783 4.3755
1795.1 4.402
1788.7 4.374
1763.6 4.326
1793 4.326
1816.4 4.349
1827.4 4.405
1830.2 4.38
1847.6 4.328
1863.2 4.4045
1867.9 4.4555
1866.1 4.407
1853.6 4.3585
1869.7 4.273
1861 4.31
1851.2 4.4085
1806 4.3955
1783.5 4.4235
1784.1 4.458
1785.3 4.2815
1782.3 4.337
1773.6 4.278
1781.6 4.2475
1760.7 4.299
1782 4.2665
1777.5 4.337
1782.6 4.338
1783.4 4.391
1774.6 4.33
1782.9 4.283
1786.3 4.28
1770.4 4.254
1762.6 4.1795
1796.6 4.3005
1803.8 4.291
1793.7 4.288
1787.9 4.338
1801.6 4.3895
1811.2 4.387
1808.1 4.465
1810.2 4.42
1805.1 4.402
1812.7 4.3845
1827.5 4.455
1799.4 4.4145
1814 4.466
1824.6 4.4045
1788.7 4.348
1797 4.403
1798.4 4.3445
1818.6 4.4205
1827.2 4.564
1821.2 4.534
1816.5 4.4115
1812.3 4.376
1843.1 4.4625
1842.5 4.5765
1831.8 4.5125
1841.7 4.403
1852.7 4.443
1829.9 4.5045
1793.3 4.413
1784.9 4.303
1795 4.318
1800.3 4.429
1809.2 4.491
1803 4.4665
1806.6 4.4835
1820.6 4.4615
1826.6 4.4595
1835.2 4.6005
1836.2 4.6575
1840.8 4.505
1868 4.5075
1854.8 4.5315
1870.2 4.5405
1900.7 4.525
1898.6 4.5195
1906.1 4.51
1909.2 4.4815
1925.1 4.454
1886.5 4.472
1899.4 4.4445
1942.4 4.5865
1920.9 4.6555
1934.4 4.7715
1965.1 4.929
1993.9 4.722
2040.1 4.7005
1985.9 4.564
1998.1 4.6435
1982.7 4.616
1959.6 4.5125
1928.5 4.5015
1908 4.588
1942.1 4.6905
1928.2 4.7305
1928.6 4.7015
1920.7 4.689
1936.6 4.7625
1961.6 4.729
1953.8 4.686
1939.6 4.714
1912 4.7165
1933.5 4.7395
1949.2 4.743
1919.1 4.6825
1929.2 4.7765
1922.9 4.791
1918.4 4.7335
1933.8 4.695
1941.6 4.72
1944.3 4.6285
1972.1 4.704
1981 4.707
1970.9 4.717
1982.9 4.796
1955.7 4.714
1952.3 4.6495
1944.9 4.7035
1931 4.5825
1893.2 4.449
1901.4 4.44
1885.9 4.4545
1888.7 4.4135
1909.3 4.395
1861.8 4.2555
1868.8 4.271
1867 4.3285
1874 4.285
1881.2 4.2615
1857.1 4.193
1839.9 4.1545
1852.6 4.2125
1823.8 4.105
1807.4 4.1805
1813.5 4.1965
1818.2 4.2395
1815.9 4.182
1841.2 4.285
1841.8 4.281
1847.8 4.3475
1865.1 4.3255
1846.2 4.277
1847.4 4.255
1851.3 4.304
1842.7 4.295
1843.3 4.33
1866.5 4.554
1845.4 4.4775
1839.2 4.4395
1847.5 4.4395
1851.9 4.4585
1848.8 4.389
1871.5 4.301
1828 4.2165
1809.5 4.1615
1815.3 4.1675
1845.7 4.112
1835.6 4.0175
1834.6 4.043
1834.3 3.9515
1825.7 3.7585
1826.5 3.76
1820.9 3.779
1817.5 3.784
1813.7 3.779
1804.1 3.7145
1798.9 3.619
1761.8 3.425
1734.9 3.418
1737.9 3.582
1740.6 3.532
1730 3.4375
1723.3 3.2965
1734.2 3.3255
1704.5 3.2105
1702.4 3.2345
1709.2 3.348
1710 3.2915
1699.5 3.3295
1712.7 3.302
1727.1 3.3485
1719 3.351
1717.7 3.3825
1719.1 3.4295
1750.3 3.475
1762.9 3.584
1769 3.552
1771.1 3.5245
1758 3.4695
1788.5 3.483
1772.9 3.553
1786.8 3.5875
1794 3.5925
1795.6 3.6555
1789.7 3.7105
1798.6 3.676
1781.4 3.629
1773.2 3.6365
1760.3 3.598
1755.3 3.6465
1747.6 3.6835
1734 3.6705
1746.8 3.7045
1747.8 3.6605
1757.7 3.7105
1736.1 3.7115
1736.6 3.6265
1723.2 3.545
1712.8 3.5185
1696.6 3.4145
1709.8 3.4215
1700.4 3.469
1715.3 3.438
1708 3.536
1716.2 3.581
1728.1 3.6255
1705 3.581
1696.5 3.5455
1665.4 3.5235
1671.7 3.561
1666.2 3.5575
1659.7 3.548
1664.6 3.512
1670.8 3.4985
1645.3 3.3715
1623.3 3.3135
1626.7 3.323
1660.4 3.382
1658.5 3.44
1662.4 3.442
1692.9 3.458
1721.1 3.518
1711.4 3.5325
1711.7 3.475
1700.5 3.4125
1667.3 3.4535
1678.7 3.478
1670.3 3.4445
1670 3.4675
1641.7 3.4505
1657 3.4555
1649 3.4065
1627.5 3.3605
1630.8 3.451
1651 3.523
1648.7 3.4795
1652.8 3.4505
1664 3.6295
1660.7 3.6255
1639.6 3.466
1635.9 3.4135
1645 3.5095
1645.7 3.5055
1627.3 3.4565
1672.5 3.7145
1676.5 3.6295
1712.1 3.7055
1710.1 3.7415
1750.3 3.796
1766 3.951
1773.6 3.855
1773.8 3.8395
1773 3.788
1760.8 3.6895
1751.9 3.632
1737.4 3.5715
1738.3 3.6145
1744.9 3.6175
1753.3 3.6265
1740.1 3.6105
1748.4 3.63
1746 3.7295
1801.1 3.814
1795.9 3.848
1767.4 3.7895
1769.3 3.8115
1785.5 3.8555
1788.7 3.8805
1798.1 3.876
1780.5 3.7985
1813.9 3.8395
1807.5 3.875
1777.2 3.763
1790 3.7615
1787.7 3.783
1815.9 3.7975
1815.9 3.806
1787 3.7515
1795.9 3.803
1814.8 3.8335
1807.9 3.832
1819.5 3.821
1819.7 3.8055
1839.7 3.766
1852.8 3.7395
1834.8 3.818
1864.2 3.9085
1872.7 4.0185
1871.6 4.067
1874.6 4.1545
1895.5 4.186
1918.4 4.2075
1907.2 4.215
1904.4 4.2285
1922.1 4.2265
1926.4 4.2485
1927.1 4.254
1933.9 4.2455
1941.2 4.24
1929.1 4.267
1928.6 4.224
1922.9 4.2035
1929.5 4.2285
1927.8 4.111
1916.3 4.094
1862.9 4.063
1866.2 4.0435
1871.7 4.0885
1877.4 4.0435
1866.2 4.1055
1862.8 4.0275
1851.9 4.087
1854 4.11
1834.2 4.052
1842 4.1655
1840.4 4.114
1833 4.2345
1832 4.2025
1818 4.073
1808.8 3.955
1817 4.009
1828.9 4.0975
1837.7 4.168
1833.5 4.084
1847.7 4.078
1847.9 4.1005
1813.9 3.9865
1812.7 4.0415
1829.3 4.0545
1862 4.0455
1911.7 4.0695
1906.2 4.0105
1926.6 3.8565
1919 3.8855
1969.8 3.9135
1979.2 3.9755
1938 4.0185
1946.8 4.0685
1993.8 4.146
1982.1 4.1015
1952.4 4.1045
1972.4 4.112
1966.1 4.115
1980.3 4.0905
1969 4.1045
1983.9 4.0595
2022.2 3.9835
2020.9 3.998
2011.9 4.026
1989.1 3.9865
2004.8 4.0245
2010.9 4.0845
2041.3 4.124
2002.2 4.1075
1994.2 4.066
2007.4 4.0895
1995.2 4.072
2007.6 4.022
1979.5 3.98
1989.1 3.953
1994 3.846
1985.7 3.85
1989.9 3.8645
1990.1 3.87
1983.4 3.917
2014.3 3.848
2028.6 3.8315
2048 3.85
2017.4 3.8715
2026.3 3.918
2036.2 3.889
2030.5 3.828
2014.7 3.6975
2014.5 3.7165
2018 3.7375
1988.4 3.6545
1980.7 3.743
1956.5 3.6815
1978.7 3.7225
1974.8 3.674
1972.4 3.6415
1962.8 3.5535
1943.1 3.5805
1944.1 3.6735
1958 3.658
1963.9 3.631
1978 3.7065
1952.4 3.7225
1958 3.7625
1965.5 3.767
1942.7 3.7545
1963.6 3.7965
1962.2 3.789
1955.3 3.7505
1944.6 3.8285
1955.3 3.866
1957.8 3.8965
1958.4 3.8845
1935.5 3.8785
1933.3 3.911
1912.7 3.8885
1919.1 3.806
1923.7 3.7865
1914 3.7815
1912.3 3.7205
1909.2 3.6775
1921.1 3.741
1921.7 3.779
1919.6 3.7535
1908.7 3.72
1926.2 3.767
1925 3.7715
1931.3 3.7535
1956.2 3.842
1959.2 3.9295
1960.1 3.922
1952.4 3.832
1977.2 3.816
1977.5 3.7995
1968.3 3.8175
1964.3 3.803
1960.3 3.8405
1962.1 3.902
1968.9 3.8905
1945.4 3.8635
1960.4 3.917
1970.5 3.9945
1940.7 3.8935
1937.4 3.8275
1932 3.876
1939.6 3.845
1933.5 3.813
1924.1 3.748
1915.4 3.7675
1914.4 3.751
1912.9 3.7145
1910.6 3.7245
1902.5 3.6615
1896.1 3.6515
1884.1 3.6855
1886.1 3.699
1893.3 3.712
1896.4 3.7505
1918.5 3.8035
1918.2 3.7675
1911.1 3.76
1917.9 3.754
1936.5 3.793
1944.3 3.785
1938.2 3.7725
1939.8 3.8125
1926.2 3.811
1918.1 3.7485
1917.5 3.726
1918.4 3.6805
1923.3 3.77
1911.3 3.752
1909.1 3.756
1910 3.7825
1923.7 3.7635
1931.5 3.7415
1932 3.714
1945.6 3.7465
1919.2 3.6665
1925.4 3.6655
1916.6 3.6495
1900.4 3.625
1871.6 3.627
1860.4 3.6945
1848.1 3.726
1830 3.632
1824.6 3.6155
1818.5 3.584
1816.6 3.547
1830.2 3.6245
1849.5 3.6425
1861 3.632
1872.8 3.614
1869.3 3.594
1927.4 3.58
1921.1 3.587
1922.7 3.5755
1955.3 3.582
1968.4 3.5915
1982.5 3.542
1976.3 3.573
1975 3.61
1984.1 3.572
1987.2 3.5685
1988.6 3.634
1996.2 3.6495
1985.2 3.6415
1978.8 3.645
1985.6 3.667
1991.5 3.6745
1981.6 3.7095
1966.8 3.67
1951.5 3.628
1964.2 3.635
1932.6 3.5835
1945.5 3.6625
1961.8 3.6825
1960.1 3.7175
1983.9 3.7045
1981.6 3.7375
1977.7 3.8125
1999.3 3.8145
1991.4 3.7665
2002.2 3.7965
2011.8 3.7625
2039.7 3.801
2047.1 3.786
2038.1 3.829
2071 3.909
2024.1 3.8205
2018.5 3.7725
2030.5 3.7165
2029.9 3.7845
1998.3 3.82
1978 3.78
1977.8 3.786
1982.3 3.786
2030.2 3.8885
2021.1 3.885
2026.3 3.848
2038.4 3.896
2034.5 3.9015
2039.1 3.9085
2057.1 3.8955
2058.2 3.8955
2081.9 3.9435
2073.9 3.913
2062.4 3.8805
2064.4 3.869
2034.2 3.8475
2042.3 3.831
2042.4 3.7945
2026.6 3.7995
2026.4 3.7485
2021.7 3.781
2014.3 3.7765
2046.7 3.74
2026 3.7665
2002.6 3.7325
2018.6 3.745
2026.5 3.787
2019.8 3.764
2023.7 3.7905
2013.9 3.8825
2016.9 3.8655
2016.8 3.8505
2025.2 3.873
2031.5 3.9065
2048.4 3.9025
2053 3.8525
2036.1 3.8215
2025.7 3.772
2034.5 3.7825
2035.2 3.7375
2032.2 3.7055
2023.3 3.686
2018.2 3.7285
1992.9 3.714
1990.3 3.7005
2002.1 3.7565
2011.5 3.838
2027.5 3.8665
2022.3 3.8745
2019.7 3.8975
2038.6 3.882
2028.5 3.824
2034 3.831
2033 3.8275
2045.7 3.8345
2086.9 3.855
2117.7 3.852
2133.5 3.844
2150.3 3.8705
2158 3.9195
2178.6 3.885
2182.5 3.9225
2160.4 3.925
2175.4 4.0525
2163 4.037
2157.3 4.1125
2160.7 4.1145
2156.3 4.0585
2157.9 4.0385
2182.4 4.0465
2158.1 3.996
2174.8 4.007
2175.6 3.996
2190.6 3.9925
2217.4 4.0035
2236.5 4.046
2261 4.07
2294.4 4.193
2288.8 4.2465
2325.7 4.2395
2331.7 4.277
2343.5 4.286
2329.6 4.282
2354.8 4.252
2356.2 4.2575
2365.8 4.379
2390.8 4.3055
2371.7 4.3425
2382.3 4.4405
2398.4 4.502
2332.2 4.5005
2327.7 4.4905
2324.5 4.467
2329.8 4.5705
2334.8 4.569
2345.4 4.659
2291.4 4.5645
2299.9 4.5525
2299.2 4.494
2299 4.5735
2321.6 4.6345
2315.2 4.6255
2313.6 4.562
2332.1 4.6075
2367.3 4.6935
2336.1 4.8045
2353.4 4.9535
2388.7 4.9695
2380 4.892
2412.2 5.057
2433.9 5.0875
2421.7 5.119
2389.2 4.8675
2335 4.8165
2332.5 4.7785
2355.2 4.8755
2340.3 4.8055
2342.9 4.672
2322.9 4.61
2346.6 4.677
2325.5 4.548
2354.1 4.6195
2370.3 4.691
2305.2 4.4945
2307.7 4.5565
2307.5 4.523
2336 4.5815
2300.2 4.5075
2331.4 4.551
2312.4 4.5215
2330.4 4.562
2353.8 4.618
2316.4 4.494
2330 4.527
2316.6 4.381
2299.2 4.3675
2324.5 4.3285
2327.7 4.3905
2327.6 4.4265
2323 4.4295
2359.8 4.541
2388.5 4.6585
2355.2 4.622
2360.1 4.578
2372.2 4.6075
2415 4.5085
2414 4.5985
2422.9 4.529
2462.4 4.444
2454.8 4.399
2451.8 4.266
2395.5 4.219
2392 4.1805
2404.6 4.146
2413.3 4.099
2351.9 4.1125
2380 4.1045
2377.3 4.062
2405 4.063
2426.5 4.16
2435 4.0665
2425.7 4.084
2401.7 3.984
2389.1 4.0115
2390.5 3.9375
2422.2 3.945
2432.1 3.98
2462.4 4.055
2466.7 4.036
2439.4 4.025
2453.1 4.139
2498.6 4.1275
2501.8 4.1665
2511.3 4.1495
2508.4 4.1815
2478.9 4.141
2508.4 4.1945
2517.7 4.2115
2516 4.2305
2501 4.145
2525.7 4.1475
2493.8 4.145
2489.9 4.032
2493.4 4.0195
2511.4 4.0775
2493.5 4.0145
2501.8 4.0845
2512.3 4.0405
2512.1 4.083
2551.2 4.133
2581.3 4.175
2580.4 4.213
2564.3 4.2135
2570.7 4.238
2588 4.286
2619.9 4.2815
2626.5 4.289
2651.2 4.4295
2659.2 4.428
2669.9 4.581
2644.3 4.541
2636.1 4.496
2667.3 4.5355
2647.1 4.596
2657.1 4.502
2645.8 4.5225
2644.8 4.519
2615 4.412
2606 4.355
2620.6 4.385
2657.6 4.4515
2647.8 4.3635
2661.4 4.3005
2674 4.3315
2691 4.2865
2713.7 4.346
2723.1 4.323
2744.2 4.348
2714.4 4.3045
2734.9 4.3195
2740.9 4.3395
2742.9 4.332
2768.4 4.3325
2788.5 4.3275
2738.3 4.3135
2738.6 4.3475
2736.1 4.407
2740.3 4.4505
2667.6 4.2225
2698.4 4.41
2687.5 4.2865
2611.2 4.211
2600 4.1195
2580.8 4.066
2568.2 4.073
2565.7 4.051
2610.6 4.108
2627.1 4.13
2648.2 4.1435
2672.1 4.113
2709.9 4.074
2616.8 4.0915
2620.3 4.039
2639.9 4.067
2657 4.0805
2634.9 4.0755
2644.7 4.146
2653.8 4.142
2626.6 4.135
2638.6 4.1385
2664.9 4.2235
2697.6 4.2235
2733.8 4.214
2687.5 4.195
2656 4.149
2651.4 4.1435
2644.4 4.0915
2636.5 4.1
2592.2 4.0205
2628.7 4.041
2612.3 4.023
2620 4.0495
2638.8 4.072
2617.2 4.0625
2606.1 4.0455
2629.2 3.986
2658.9 3.9885
2645 4.0395
2638.4 4.127
2656.7 4.1605
2664.5 4.2275
2683.8 4.2795
2708.5 4.2745
2673.5 4.2955
2677.5 4.3105
2712.5 4.3595
2746.4 4.4105
2744.3 4.3375
2755 4.311
2767.6 4.2715
2763.1 4.2995
2777.3 4.29
2737.5 4.2035
2766.8 4.2205
2769.1 4.2575
2823 4.288
2812.5 4.262
2833.9 4.294
2853.3 4.3425
2871.6 4.4345
2856 4.4535
2867.3 4.5815
2914.3 4.7005
2912.5 4.5945
2909 4.698
2925.9 4.769
2883.6 4.6565
2931.6 4.585
2919.4 4.557
2940 4.608
2937.6 4.56
2947.9 4.517
2904.5 4.486
2916.8 4.542
2883.2 4.58
2836.8 4.5145
2890.2 4.5765
2909.6 4.5275
2915.3 4.7665
2916.6 4.779
2904.7 4.683
2891 4.6395
2912.9 4.74
2939.1 4.821
2984.3 4.8985
2994.5 4.8695
3000 4.9335
3035.1 4.993
3035.9 5.076
3040 5.085
3018.2 5.0875
3013.1 5.064
3023.7 5.183
3020.9 5.216
3060.2 5.0975
3086.5 5.1125
3122.8 5.02
3163.8 5.056
