271.4 4.876
271.9 4.883
269 4.83
270.3 4.872
271.8 4.91
274.1 4.915
273.9 4.931
278.4 4.968
275.6 4.953
273.6 4.899
273.1 4.906
271.6 4.913
270.3 4.874
270.6 4.889
269.3 4.883
270.1 4.885
272.4 4.918
270.5 4.87
276.4 4.923
272.4 4.883
271.5 4.881
271.1 4.843
270.3 4.853
270.1 4.828
270.1 4.786
266.2 4.764
264.9 4.731
264.4 4.746
264.3 4.748
264.4 4.711
264.5 4.761
264.3 4.721
265 4.739
265.8 4.749
264.3 4.672
264.9 4.679
265.1 4.672
265.8 4.66
265.7 4.645
266.3 4.642
265.7 4.627
266.3 4.625
270.1 4.695
269.8 4.698
266.4 4.615
270.1 4.674
268.7 4.64
270.7 4.714
269.7 4.575
273.7 4.599
275.2 4.583
271.7 4.587
272 4.585
268.4 4.545
263.3 4.677
263.2 4.71
264.2 4.794
264.3 4.749
266.4 4.774
266.1 4.776
264.3 4.768
264.5 4.785
262.8 4.805
262.8 4.803
265.5 4.796
265.6 4.791
268.5 4.79
267.1 4.768
265.2 4.678
263.3 4.653
262.8 4.611
260.1 4.56
259.9 4.553
260.7 4.553
259.4 4.58
255.1 4.513
258.2 4.488
256.1 4.418
258.2 4.406
258.5 4.413
265.8 4.443
267.4 4.414
266.8 4.472
265.2 4.395
262.1 4.419
261.4 4.428
270.8 4.488
271.6 4.409
260 4.325
258.1 4.288
259.8 4.295
260.5 4.328
261.9 4.323
261.1 4.334
261.5 4.342
261.9 4.359
261 4.414
259.7 4.354
258.8 4.318
255.6 4.298
258.4 4.323
258.1 4.341
260 4.321
258.3 4.301
257.3 4.311
258.7 4.353
260.1 4.358
263.3 4.432
261.1 4.36
261.3 4.357
265.3 4.419
264.8 4.435
263.7 4.435
264.1 4.448
262.4 4.365
264.4 4.377
263.9 4.357
264 4.32
264.4 4.35
265.4 4.36
266.3 4.33
266.1 4.327
266.1 4.294
270 4.386
269.1 4.323
268.3 4.332
268.1 4.295
272 4.438
273.6 4.47
287.4 4.552
285.4 4.526
285.1 4.544
283.6 4.56
279.1 4.603
277.9 4.563
273.8 4.523
265.7 4.423
265.3 4.396
266.4 4.409
264.9 4.321
265.7 4.329
265.7 4.328
266 4.323
273.4 4.358
271.5 4.365
272 4.405
275.3 4.46
271.2 4.393
272.4 4.415
273.4 4.393
272.4 4.338
272.6 4.316
272.3 4.299
273.7 4.294
276.2 4.344
272.1 4.305
269.3 4.293
270.6 4.292
269.4 4.277
267.6 4.243
265.1 4.208
265.9 4.235
266.5 4.213
266.2 4.235
268.3 4.232
266.6 4.241
267.1 4.282
266.9 4.187
268.1 4.225
270.4 4.265
269.4 4.218
269.9 4.219
268.8 4.239
269.7 4.24
267.7 4.213
266.2 4.222
267.4 4.202
264.6 4.19
266.2 4.21
267.4 4.217
267.4 4.22
267.9 4.213
267.1 4.178
267.2 4.158
267.9 4.138
273.4 4.205
273.9 4.135
276.3 4.191
275.7 4.144
275.2 4.19
279.3 4.257
276.1 4.145
275 4.185
274.9 4.202
275.3 4.214
272.5 4.182
272.6 4.194
272.3 4.18
273.7 4.182
275.4 4.156
271.6 4.142
272 4.149
273 4.148
271.6 4.156
288.1 4.443
291.5 4.718
289 4.51
291.9 4.592
290.5 4.522
293.3 4.6
291.7 4.58
292.4 4.647
292.2 4.639
289.9 4.622
290.5 4.607
290.5 4.637
291.4 4.665
292.4 4.65
288.9 4.53
285.7 4.418
281.8 4.403
284.9 4.448
282.1 4.371
283.4 4.348
279.2 4.243
280.1 4.258
275.5 4.22
276.1 4.228
275.9 4.203
277.9 4.203
279.1 4.231
280.6 4.252
279.5 4.214
279.7 4.196
279.8 4.099
278.5 4.087
279.7 4.108
281 4.118
276.8 4.068
277.4 4.07
278.3 4.108
277.8 4.135
277.8 4.138
275.1 4.106
274.7 4.093
272.7 4.056
273 4.048
272.9 4.033
272.3 4.026
273.2 4.038
274.1 4.113
273.5 4.063
273.9 4.128
276.9 4.2
275.4 4.128
273.7 4.176
273.9 4.25
272.2 4.225
272.2 4.257
278 4.357
277.7 4.36
280.4 4.415
275.5 4.303
276 4.393
278 4.465
277.4 4.461
276.5 4.489
278.7 4.579
278.9 4.526
278.2 4.599
278.9 4.642
278.6 4.66
278.9 4.633
283.4 4.703
287.1 4.693
287.4 4.691
285.4 4.508
284.4 4.548
287.3 4.555
284.4 4.438
283.1 4.338
281.5 4.281
278.6 4.253
278.1 4.266
278.8 4.298
278.3 4.243
296.6 4.579
302.2 4.671
302.6 4.641
303.2 4.691
305.9 4.738
302.6 4.658
301.1 4.616
300.1 4.571
300.5 4.561
298.8 4.549
301.7 4.619
302.2 4.578
302.1 4.588
300 4.445
298.8 4.4
302.1 4.445
304.5 4.493
302.3 4.498
303 4.538
304 4.565
304.3 4.557
308.1 4.615
311.6 4.647
311.2 4.636
308.9 4.532
309.1 4.529
308.3 4.543
312.2 4.597
311.2 4.596
311.6 4.618
308.2 4.572
309.5 4.615
311 4.658
310.6 4.596
307.3 4.596
308.7 4.626
309.8 4.639
310.6 4.654
315.7 4.769
315.8 4.834
318 4.825
322.5 4.897
320.4 4.857
323.9 4.87
325.4 4.933
325.5 4.969
326.5 5.026
326.7 5.068
327.8 5.113
321.2 4.933
324.9 4.986
324.6 4.971
318.7 4.903
319.7 4.873
320.3 4.91
317.7 4.827
319.1 4.847
317.4 4.82
319.2 4.842
319.8 4.839
323.2 4.867
324.6 4.852
324.3 4.864
320.2 4.829
320.5 4.849
319.2 4.876
313.5 4.833
314 4.867
312.8 4.93
310.9 4.935
312.1 4.96
316.1 5.038
314.7 5.03
317.2 5.072
315.6 5.046
319.6 5.101
317.2 5.018
317.4 4.99
317 4.99
323.9 5.063
323.6 5.033
312.7 4.874
311.5 4.854
309.8 4.851
303.4 4.661
302.5 4.636
303.7 4.655
303.2 4.595
304 4.58
307 4.59
307.8 4.63
305.5 4.61
314.3 4.672
310.4 4.635
314.2 4.667
314.1 4.59
314.2 4.577
311.8 4.455
314.3 4.48
313.7 4.49
306 4.402
308.7 4.434
307.6 4.417
306.6 4.462
306.7 4.42
309.4 4.435
312.3 4.5
309.4 4.495
312.9 4.527
312.4 4.437
313.4 4.454
314.9 4.465
318.2 4.515
319.9 4.512
321.3 4.579
317.9 4.557
316.6 4.542
318.9 4.587
316.6 4.554
317.1 4.549
317 4.577
320.6 4.619
322.6 4.639
321.9 4.629
323 4.627
325.9 4.649
322.2 4.579
320.3 4.505
319.7 4.487
323.9 4.53
320.9 4.47
321.5 4.47
321.1 4.47
322.1 4.475
321.9 4.438
318.2 4.361
319.6 4.338
316.5 4.273
316.3 4.308
317.8 4.298
312.6 4.311
314 4.358
311.6 4.333
312.7 4.352
310.9 4.344
313 4.404
312 4.399
310.7 4.354
313.4 4.399
315.2 4.404
317.7 4.502
316.5 4.479
318 4.499
318.8 4.484
318.3 4.481
318.2 4.489
317.5 4.477
320.5 4.544
321.3 4.526
321.2 4.566
324.5 4.594
318.7 4.554
317.9 4.556
320.7 4.573
319.2 4.535
318.6 4.545
317.4 4.533
317.4 4.466
320.7 4.541
317.8 4.471
317.7 4.433
316.8 4.414
317.6 4.422
320.2 4.532
322.2 4.559
324.8 4.622
326.3 4.632
325.8 4.6
323.5 4.608
324.8 4.634
331.4 4.744
333.2 4.704
337 4.702
337.4 4.64
342.1 4.665
345.9 4.725
340.5 4.63
345.1 4.653
346.8 4.657
348.9 4.7
349.2 4.712
343.4 4.662
347.6 4.801
346.1 4.812
351.2 4.892
351.7 4.899
347.3 4.804
353.9 4.856
353.3 4.844
354.5 4.859
354.7 4.828
352 4.753
350.7 4.768
357.7 4.823
356.6 4.798
357.3 4.808
359.7 4.836
364.5 4.775
368.2 4.875
369.4 4.825
370 4.865
366.3 4.8
368.6 4.863
368.3 4.853
370.8 4.828
379 4.911
376.4 4.761
370.1 4.673
369.9 4.646
363.7 4.596
362.5 4.566
352.6 4.503
357.4 4.529
351.9 4.531
344.2 4.551
349.9 4.623
353.1 4.66
351.8 4.663
356.3 4.713
352.3 4.64
354 4.655
346.1 4.561
350.2 4.585
349.2 4.657
353.2 4.657
353.1 4.622
350.8 4.676
354.7 4.668
350.5 4.678
346.5 4.623
335.9 4.528
336.5 4.527
337.1 4.439
337.6 4.452
336.1 4.409
332.9 4.408
326 4.346
329.5 4.359
328.4 4.386
330.3 4.391
328.7 4.386
328.7 4.429
335.9 4.461
334.3 4.433
329.6 4.398
324.9 4.409
325.3 4.411
321.5 4.419
322.2 4.474
325.6 4.479
326.7 4.486
327.9 4.489
324.2 4.534
324.9 4.519
325.8 4.481
327.2 4.466
333.5 4.531
334.4 4.593
331.5 4.623
334.8 4.643
333.4 4.63
334.5 4.578
333.7 4.548
339.1 4.638
342.1 4.761
341 4.784
342.3 4.802
342.5 4.787
341.9 4.729
348.4 4.789
348.6 4.787
351.6 4.861
350 4.814
352.3 4.864
352.6 4.772
354.7 4.782
364.2 4.812
366.3 4.764
372 4.717
368.1 4.654
368.8 4.639
367.8 4.619
365.2 4.634
369.6 4.568
364.5 4.526
366 4.501
365.2 4.504
362.6 4.494
368.6 4.494
363.7 4.538
361.8 4.511
352.2 4.463
355.5 4.493
353.3 4.5
356.6 4.57
359 4.607
363.2 4.605
357.2 4.555
361.3 4.567
356.3 4.525
353 4.555
346.3 4.512
349.3 4.562
343.9 4.52
345.2 4.505
346 4.557
351.4 4.574
351.3 4.634
351 4.682
348.1 4.728
344.1 4.736
343.6 4.816
344.3 4.808
344.8 4.798
347.7 4.79
342.1 4.651
343.1 4.656
344.2 4.67
347.2 4.724
350.9 4.744
350.6 4.784
358.6 5.064
362.2 5.105
362.7 5.07
364.8 5.19
361.7 5.162
356.2 5.056
354 5.116
346.1 5.093
349.2 5.016
349.6 4.936
350.8 4.966
352.5 5.034
356.3 4.988
361.7 4.996
358.5 4.858
362.1 5.026
366 5.031
363.2 4.923
358.4 4.923
361.6 4.991
365.6 5.018
360.6 4.941
363.1 4.993
361.3 4.988
365.8 4.998
373.5 5.127
370.5 5.128
375.7 5.109
373.2 4.988
373.9 5.06
372.9 5.016
377.6 5.129
375.1 5.089
381.7 5.247
380 5.247
379.7 5.327
375.8 5.199
374.5 5.193
373.5 5.213
376.2 5.279
376.6 5.255
381.8 5.282
387.2 5.265
385.9 5.235
387.5 5.302
385 5.214
380.8 5.137
382.4 5.07
385.4 5.137
384.3 5.1
383.1 5.095
369.4 4.83
372.7 4.81
377.2 4.875
375.4 4.865
369.2 4.837
373.6 4.905
375.2 4.975
375.7 4.927
372.6 4.942
372.7 4.917
371.8 4.935
374 5
381.7 5.063
386.5 5.13
384.7 5.167
388.9 5.16
387.9 5.187
383.2 5.092
410.4 5.712
409.2 5.722
410.6 5.709
411 5.735
412.3 5.78
414.8 5.917
416.9 5.983
415.7 5.953
424.4 6.233
422.8 6.316
421.9 6.251
424 6.261
426.4 6.485
426.3 6.605
423.7 6.587
421.7 6.422
408.4 6.205
406.7 6.322
412.7 6.315
411.1 6.2
410 6.342
407.9 6.355
406.6 6.307
410 6.55
414.5 6.625
398.5 6.226
402.2 6.246
398.7 6.04
399.2 6.121
401 6.145
398.1 6.12
403.6 6.275
406.8 6.425
406.4 6.385
410.2 6.555
413.7 6.617
410.3 6.579
416 6.777
412.3 6.697
409.8 6.655
397.5 6.53
399 6.487
404.5 6.619
395.8 6.532
395.8 6.708
396.4 6.696
399.3 6.928
393.5 6.71
392.4 6.743
392.9 6.759
401.3 6.981
400.6 6.974
404.2 7.166
400 7.171
400.7 7.181
395.3 7.051
399.4 7.128
402.4 7.155
406.9 7.248
411.1 7.453
412.5 7.551
417.4 7.618
419.8 7.698
417.2 7.64
416.7 7.592
422.1 7.707
417.1 7.615
421.7 7.766
427.3 7.936
427.8 8.139
421.6 8.146
415.4 8.108
418.9 8.211
422.8 8.185
419.9 8.085
420.1 8.025
407 7.445
399.8 7
397.7 7.073
401 7.14
400.6 7.205
397.7 6.94
390.8 6.165
393.3 6.023
395.1 6.158
396 6.168
398.6 6.23
405.4 6.598
404.2 6.652
406.6 6.712
405.6 6.587
401.9 6.599
397.1 6.397
395.2 6.418
390.5 6.334
390.3 6.234
387 6.237
389 6.363
387 6.345
391 6.55
391.7 6.61
394 6.675
392.2 6.727
392.3 6.74
399.8 6.767
400.7 6.729
400 6.714
395.5 6.519
394.3 6.549
398.9 6.617
402.9 6.73
404.4 6.723
404.3 6.83
407.1 6.815
413.2 6.866
410.5 6.741
403 6.574
407.9 6.61
407.4 6.675
403.3 6.588
407.8 6.705
410.4 6.771
408.8 6.793
406 6.768
400.5 6.553
397.4 6.199
399.4 6.178
398.5 6.154
401.9 6.133
404.1 6.183
405.7 6.199
405 6.271
404.7 6.289
405.8 6.259
405.3 6.252
408.3 6.346
407.2 6.351
410.9 6.446
408.1 6.405
409.1 6.529
412.5 6.592
413 6.673
418.7 6.916
419.5 6.918
414 6.74
418.2 7.079
418.4 7.222
418 7.194
423.1 7.273
422 7.23
415.1 7.033
413.2 6.878
418.1 7.036
418.7 7.091
416.2 6.968
420.3 7.176
423.5 7.333
424.4 7.291
424.6 7.314
429 7.361
426.8 7.321
424.8 7.187
425.1 7.187
428.5 7.292
427.3 7.317
420 7.007
424.6 7.145
430.1 7.371
433.6 7.493
432.7 7.477
435.7 7.525
434 7.412
434.9 7.47
437.9 7.615
437 7.567
440.2 7.589
444.8 7.662
442.6 7.549
446.8 7.597
448.8 7.569
447.8 7.553
449.3 7.612
453.7 7.77
451.3 7.723
454 8.026
450.4 7.908
456 7.996
454.2 7.916
452 7.838
437.2 7.102
435.8 6.76
433.9 6.706
438.9 6.793
435.9 6.718
440.8 6.843
436.9 6.69
441.6 6.766
442.4 6.83
441.8 6.895
440.3 6.803
441.9 6.883
445.2 6.973
444.3 7.026
436 6.797
437.5 6.807
428.7 6.477
428.5 6.427
426.6 6.512
421 6.433
418.9 6.429
419.1 6.431
421.9 6.623
426.1 6.728
424.5 6.73
422.7 6.58
423.2 6.64
423 6.61
422.4 6.543
426.7 6.797
426.9 6.845
422 6.67
426.9 6.793
426.3 6.808
425.8 6.785
421.8 6.737
420.8 6.72
421.1 6.74
416.6 6.667
414 6.625
413.6 6.545
412.6 6.547
412.9 6.581
417.2 6.956
420.5 7.201
425.8 7.333
425.9 7.353
425.5 7.248
427.3 7.365
427.1 7.413
434.5 7.517
434.9 7.441
434.5 7.381
434.9 7.291
436.5 7.359
432.9 7.229
432.8 7.307
429.9 7.229
434.2 7.349
435 7.359
440.3 7.502
442.1 7.604
442.8 7.492
446.2 7.535
441.1 7.38
440.9 7.377
443.7 7.425
438.7 7.385
439.3 7.377
431.1 7.097
431.3 7.07
425.2 6.977
424.7 6.933
425.9 6.91
426 7.012
428.7 7.191
425.9 6.99
423.9 7.02
424.5 7.039
427.1 7.116
426.5 7.071
426.9 7.161
428.6 7.251
427.6 7.151
429.3 7.221
424 7.056
424.9 7.018
427.5 7.041
432.9 7.246
435.3 7.333
433 7.213
434.3 7.271
434.6 7.256
437.9 7.251
433 7.134
435 6.902
429.5 6.84
426.7 6.851
429 6.982
429.8 7.05
426.1 6.952
426.2 7.067
427.2 7.1
427.2 7.08
421.6 6.948
420.2 6.925
418.9 6.935
419.4 7.025
421.5 7.185
420.5 7.12
417.4 6.935
416.6 6.95
417.5 6.988
418.8 7.123
418 7.152
419.8 7.302
416.3 7.444
415.3 7.508
422.7 7.526
423.7 7.49
426.5 7.521
424.8 7.429
424.7 7.458
424.2 7.258
427.4 7.276
429.3 7.253
427.5 7.269
429.1 7.32
436.2 7.36
438.3 7.33
438.4 7.297
438.9 7.287
438.1 7.253
441.7 7.27
440.5 7.278
440.3 7.24
436.4 7.096
435.9 7.028
427.8 6.851
422.9 6.83
423.5 6.916
423.3 6.949
422.9 6.994
425.5 7.069
426.3 7.048
423.9 7.033
419.6 6.961
420.7 6.956
420.5 6.974
419.7 6.954
421.7 7.038
425.4 7.106
424.7 7.086
425.7 7.113
423.4 6.993
424.7 7.015
427.3 7.174
429.9 7.238
431.9 7.281
431.9 7.238
436.9 7.284
437.9 7.23
437.2 7.137
434.7 6.996
434.2 7.016
436.5 7.061
445.5 7.169
445.9 7.076
442.2 6.953
446.1 7.033
439.9 6.985
439.5 6.99
437.2 7
438.1 7.054
439.4 6.962
437.3 6.918
438.4 6.828
437.4 6.74
437 6.73
431.2 6.691
433.8 6.781
442.3 6.966
444.2 7
444.4 7.031
444.9 7.051
446.7 6.966
449 7.003
449.7 6.998
446.1 6.943
449.8 6.986
455.5 7.019
459.5 7.229
466.7 7.338
466.2 7.315
468.9 7.355
466.6 7.353
463.5 7.273
465.9 7.307
462.6 7.271
469.7 7.347
472.1 7.788
463.5 7.595
461 7.613
467 7.655
465 7.668
472.8 7.787
471.2 7.825
473.8 7.802
466.3 7.654
468.2 7.764
503.3 8.544
548.3 9.007
553.5 8.88
558.3 9.026
557.7 9.183
562.2 9.465
559.7 9.564
558.7 9.566
555.2 10.307
552.4 10.516
550.9 10.446
550.1 10.643
560 10.688
567 10.848
566.6 10.826
573 11.073
586.7 11.618
581.8 11.48
589.4 11.723
586 11.688
587.9 11.665
595.2 12.007
588.4 12.035
597.6 12.529
595.2 12.573
597.5 12.636
596.5 12.828
615.4 13.34
620 13.76
632.6 14.499
619.8 12.51
632.2 12.965
620.6 11.772
631 12.555
638.8 12.81
633.3 12.47
651.8 13.51
657.5 13.852
664.7 14.11
665.9 13.704
674.2 13.735
682.2 13.792
677.8 13.677
699.4 14.374
703.7 14.191
719.8 14.846
710.3 14.146
683.6 13.246
691.5 13.452
690.5 13.157
679.6 12.437
656.7 12.277
657 12.355
673 13.1
637 12.45
648.4 12.54
650.9 12.675
653.9 13.013
642.5 12.398
627.6 11.85
635.5 12.035
643.2 12.245
629.4 11.805
627.4 11.857
609.1 11.042
608.2 11.177
606.8 11.035
562.5 9.595
562.3 9.707
566.5 9.95
578 10.11
568.8 9.949
576.9 10.25
587.5 10.4
582.2 10.195
584.8 10.271
584.8 10.229
581.6 10.185
578.3 10.148
576.3 10.955
572.4 11.085
578.4 11.33
571.9 11.135
572.3 11.245
576.3 11.295
588.8 11.598
594.7 11.828
589.7 11.698
588.9 11.743
599 12.085
593 11.89
579.7 11.6
584.4 11.78
587.6 11.82
596.8 12.17
598.2 12.015
669.4 14.1
656.5 12.622
660.5 12.714
673.3 13.068
665 11.791
673 12.063
682.5 12.281
681.7 12.19
695.6 12.365
700.8 12.592
703.3 12.532
712.2 12.667
711.9 12.625
709.5 12.514
709.6 12.544
715.8 12.739
715.8 12.767
722 12.956
732.4 13.321
731.4 13.474
732.1 13.497
731.6 13.482
728.3 13.416
964.5 19.63
972.1 19.808
981.5 20.073
963.9 19.738
986.2 20.685
975 20.131
972.2 20.158
969.9 19.698
974.2 19.676
978.8 19.911
992.3 20.339
998.2 20.574
1001.4 20.222
1003.2 19.89
944.7 18.395
919.6 16.805
918.3 17.067
934.6 17.762
949 18.346
948.8 18.513
929.3 17.62
926.2 17.42
942.5 18.2
944.8 18.337
931.9 18.285
927.3 17.838
921.9 17.88
927.3 18.1
940.9 18.245
959.5 18.745
972.7 19.175
977.7 18.941
961.8 18.735
970 18.667
957.3 18.135
963.1 18.362
948 17.945
922.4 17.4
922 17.246
926.6 17.325
927.6 17.417
916.4 17.33
835.5 10.142
801.5 9.607
785.1 9.31
787.6 9.665
766.1 10.05
733.3 9.452
713.3 9.5
729.1 9.295
741.7 9.195
739.3 8.79
752.8 9.805
865.4 11.42
841.1 11.08
853.9 11.072
854.3 11.295
820.3 10.725
820.1 10.655
808.2 10.452
806.7 10.42
839.3 11.195
854.6 11.158
849.6 11.315
858.2 11.357
895.3 11.932
908.5 12.102
899.2 12.167
888.1 11.963
915.5 13.023
922.6 12.975
926.1 12.965
907.4 13.015
895.6 12.725
871.5 12.105
882.2 12.205
884.8 12.335
882.2 12.325
894.7 12.763
890.9 12.76
892.8 12.795
879.3 12.25
867.4 11.785
887 12.1
882.1 12.055
891.8 12.3
905.9 12.75
913.6 12.915
907.4 12.95
892.8 12.395
993.1 16.156
1008 16.636
999.5 16.418
1003.2 16.208
1016.7 16.513
1038.6 17.273
1043.3 17.478
1055.4 17.8
1047.8 17.675
1056.7 17.805
1064.2 17.825
1063.9 17.893
1049.8 17.4
1050.7 17.405
1057.3 17.61
1057.8 17.543
1063.7 17.81
1057.8 17.53
1055.6 17.711
1042.1 17.084
1034.7 16.531
1029.9 16.231
1174.2 18.302
1181.1 18.495
1199.1 19.18
1212 19.295
1217.4 19.102
1168.8 18.496
1163.4 18.336
1142.8 17.785
1120.4 17.158
1125.7 17.173
1119.4 17.084
1123.3 17.326
1122.4 17.441
1135.5 17.679
1106.8 17.18
1110.8 17.305
1095.4 17.02
1086 17.015
1093.3 17.175
1104.1 17.423
1107.2 17.543
1097 17.091
1091.5 16.779
1095.2 16.822
1117.7 17.44
1118.1 17.781
1135.9 18.163
1133.1 18.333
1138.2 18.458
1150.7 18.683
1128.9 18.243
1136.4 18.538
1142.6 18.643
1130.1 18.411
1139.7 18.784
1112.3 17.866
1102.7 17.496
1089.2 16.918
1095.2 17.131
1097.9 16.846
1084.4 16.428
1112.6 16.222
1102.7 15.888
1096.5 15.94
1107.8 16.11
1118.3 16.5
1117.8 16.449
1136.9 17.044
1142.7 17.309
1132.6 17.156
1134.8 17.362
1123.6 17.252
1122 17.318
1107.8 16.994
1108 17.136
1101.5 17.024
1105.1 17.083
1122.2 17.333
1124 17.502
1127.4 17.407
1107.4 17.017
1099.3 16.92
1103.5 17.012
1088.6 16.626
1092.7 16.727
1104.2 16.894
1110.3 17.373
1104.5 17.316
1113.3 17.512
1125.1 17.876
1132.9 18.104
1135.1 17.917
1152.3 18.185
1152.2 18.116
1161.1 18.34
1161.6 18.403
1152.8 18.238
1159 18.404
1159.7 18.424
1136.3 17.669
1135.2 17.725
1138.6 17.815
1148.2 18.073
1142.3 18.006
1153.1 18.189
1153.5 18.334
1161.7 18.116
1171.3 18.107
1168.4 18.549
1180.1 18.611
1182.7 18.813
1168.6 17.818
1174.6 17.511
1196.9 17.493
1210 18.429
1200.4 18.53
1219.9 19.272
1242.7 19.64
1228.8 19.476
1227.4 19.202
1227.7 18.835
1214.3 18.855
1192.6 18.091
1187.8 17.694
1175.7 17.631
1193.8 17.982
1197.8 17.763
1213.3 18.292
1211.9 18.457
1212.2 18.411
1224.8 18.54
1220.6 18.304
1208.3 17.92
1216.2 17.29
1239.3 18.153
1244 18.468
1228.5 18.18
1220.8 18.342
1228.9 18.222
1223.3 18.402
1233.2 18.569
1229.3 18.432
1247.5 18.767
1257.2 19.175
1239.7 18.802
1239.9 18.896
1234.1 18.454
1245.5 18.731
1255.8 19.105
1238.2 18.673
1242 18.594
1245.5 18.671
1206.3 17.76
1207.4 17.698
1194.8 17.833
1198.6 17.979
1195.8 17.852
1209.6 18.053
1198.5 17.897
1213.3 18.237
1206.8 18.274
1208.1 18.346
1188 17.773
1181.7 17.534
1191.5 17.685
1191.6 17.798
1195.5 18.115
1187.7 18.096
1183 18.195
1158 17.621
1160.4 17.423
1168.4 17.601
1181.7 17.987
1183.4 18.403
1185.2 18.407
1193.7 18.263
1197.2 18.308
1203.4 18.459
1200.7 18.229
1196.2 18.146
1197.5 17.89
1214.8 18.053
1214.9 18.097
1224.5 18.418
1226.6 18.586
1229.7 18.39
1233.8 18.318
1227.2 17.982
1226.9 17.983
1231.8 18.369
1239.5 19.022
1235.4 18.978
1236 19.039
1237.1 19.038
1248.3 19.398
1246.3 19.359
1251.5 19.638
1249.2 19.915
1257.3 19.883
1255.6 19.978
1248.9 19.814
1244.5 19.802
1245.1 20.11
1269.7 20.401
1266.7 20.542
1271.9 20.745
1275.6 20.79
1279 20.777
1272.4 20.62
1290.2 21.036
1294.3 21.194
1296 21.383
1296.7 21.455
1306.6 21.688
1308.5 21.929
1307.8 21.798
1316.1 22.037
1315.4 22.013
1338.9 22.714
1346.4 23.02
1333.9 22.565
1344.2 23.087
1353.3 23.331
1345.7 23.129
1369.5 23.914
1376.7 24.417
1371.1 24.272
1371.2 24.397
1335.1 23.764
1343.3 23.848
1324.7 23.123
1324.4 23.125
1338.3 23.544
1338 23.824
1322.2 23.398
1342.1 23.871
1357.1 24.56
1350.2 24.548
1356.4 24.832
1337.1 24.432
1382.7 26.039
1397.3 26.744
1402.8 27.428
1409.8 28.902
1399.1 26.861
1403.1 27.401
1365.4 25.938
1368.4 26.088
1338.3 25.229
1336.8 25.507
1352.9 26.83
1352.2 27.175
1357.7 27.457
1377.5 27.568
1372.9 27.524
1362.3 26.695
1366 27.148
1385 28.185
1387.3 28.388
1388.5 28.542
1405.4 29.241
1415.3 29.705
1408.3 29.748
1382.5 28.224
1392.1 28.789
1384.3 28.576
1397.3 29.599
1403.6 29.759
1385.5 29.225
1370.4 28.757
1378.6 29.113
1385.5 29.335
1388.2 29.376
1386.8 29.367
1380 29.31
1382.4 29.235
1405.2 30.297
1413.1 30.679
1405.6 30.488
1421.1 30.91
1422.6 31.096
1378.5 29.492
1373.4 29.173
1371.4 29.11
1368.5 28.661
1373.7 28.851
1384 29.49
1385.7 29.532
1386.9 29.252
1360.4 28.309
1368.1 28.901
1370.2 28.792
1346.5 27.459
1341 27.416
1344.5 27.318
1332.3 26.811
1333 27.132
1318.4 27.045
1340.7 27.934
1333.8 28.174
1339.6 28.524
1331.5 28.299
1352.3 28.733
1348.3 29.064
1347.6 29.348
1363.4 30.271
1364.8 30.273
1361.9 30.091
1359.9 29.992
1364.6 30.529
1373.6 30.693
1374.7 30.63
1384.7 31.572
1388.2 32.298
1400.5 32.864
1413.4 33.302
1415.3 33.179
1408.7 32.898
1409.3 33.804
1430.7 34.416
1437.2 34.825
1416 34.313
1428.2 35.317
1434.1 35.855
1426.9 35.653
1429.3 36.043
1412.2 35.064
1421.5 35.933
1424.6 35.825
1392.6 34.116
1396 34.471
1404 34.26
1415.9 35.06
1426.2 36.002
1427.5 36.271
1437.9 37.202
1434.8 37.388
1426.1 37.058
1419.8 37.097
1416 36.977
1423.8 37.501
1438.9 37.872
1428.1 37.737
1432.2 38.484
1451.8 39.175
1457.7 39.384
1458.5 39.542
1473.4 40.6
1467.4 40.604
1452.9 40.058
1454.9 40.235
1471.7 41.661
1485.3 42.566
1492.3 42.957
1494.5 43.919
1498.3 44.465
1503.2 46.062
1508.6 47.151
1503 45.058
1516.7 45.964
1530.8 47.52
1556 48.584
1556.7 46.078
1540.1 42.576
1514.9 39.383
1480.9 36.231
1491.2 35.283
1502.9 37.11
1516.6 38.48
1501.1 35.509
1506.6 34.793
1493.4 35.011
1490.4 34.129
1479.8 33.488
1495.6 35.094
1492.2 34.927
1508.8 35.082
1515.3 34.901
1523.2 36.121
1526.6 37.64
1522.8 37.326
1536.3 37.857
1535.9 38.303
1542.4 37.689
1532 36.2
1541.7 36.187
1546.5 36.776
1543.3 37.04
1538.1 36.619
1542.1 37.423
1528.6 36.326
1515 34.736
1523.8 35.41
1525.6 35.406
1529.3 35.553
1538.6 35.739
1541.5 36.065
1546 36.373
1552.9 36.734
1520.1 35.005
1500.5 34.641
1496 33.58
1499.7 33.633
1509.9 34.75
1502.3 34.812
1482.3 33.694
1512.3 35.402
1528.7 35.911
1530.2 36.528
1541.2 36.536
1548.8 35.689
1561.9 35.629
1585.2 38.148
1589 38.689
1589.8 39.063
1602.1 40.333
1600.9 40.211
1596.7 39.546
1586.8 38.937
1601.3 40.113
1612 40.354
1616.6 40.691
1615 40.553
1613.4 39.779
1628.3 40.092
1619 39.298
1641.9 40.081
1663.4 41.747
1656.2 39.418
1648.8 38.197
1710.2 39.374
1740 37.877
1781.3 39.325
1748.8 38.656
1740.2 39.101
1755.5 39.298
1782.4 39.821
1791.2 40.35
1818.9 40.687
1848.9 42.428
1888.7 43.321
1858.3 42.281
1754.1 39.157
1759.8 40.74
1794.1 40.947
1788.4 40.541
1826.7 41.398
1828.5 41.699
1826 41.482
1873.7 43.02
1869.9 41.818
1814.2 41.572
1854.4 42.479
1856.4 41.573
1809.9 40.164
1826.8 41.123
1823.5 40.469
1778.5 39.453
1812.1 40.781
1776.4 39.11
1806.6 40.081
1805.5 40.42
1739.2 36.538
1637.5 30.051
1592.5 29.927
1650.6 31.497
1616.3 30.085
1615.5 30.472
1620.4 30.041
1656 30.75
1614.7 29.795
1640.3 30.317
1651.9 31.97
1634.5 30.958
1669.6 31.944
1659.7 31.963
1681.3 32.754
1667.3 31.633
1681.8 32.14
1675.5 31.791
1651.7 31.801
1646 31.252
1611.9 30.266
1635.1 31.173
1651.5 31.62
1699.6 33.034
1722.7 33.291
1746.7 35.095
1746.2 35.27
1724.2 34.337
1711 32.722
1728.7 33.929
1764.2 34.488
1755.3 34.07
1790.3 34.812
1798.4 35.137
1790.9 34.348
1758.9 34.095
1787.5 34.671
1777.8 34.013
1781.7 34.448
1773.8 33.814
1719.8 31.493
1724.7 32.413
1678.3 31.113
1702.2 32.948
1695.7 31.882
1685.5 31.012
1710.8 32.16
1713.4 31.853
1745.5 32.731
1735.3 32.695
1747 32.621
1730.7 32.306
1727.9 32.672
1740.9 32.555
1709.8 31.467
1712.8 32.173
1664.2 30.935
1659.9 31.195
1584.3 28.881
1574.6 29.225
1595.6 29.615
1594.4 28.822
1615.6 29.496
1611.9 29.198
1608.9 29.001
1604.7 29.046
1594.2 28.697
1562.9 27.192
1539.9 27.274
1565.8 27.875
1599.7 29.533
1611.9 29.063
1619.4 29.265
1616.1 28.653
1607.5 28.749
1631 29.783
1639.2 29.858
1647.3 30.092
1630.4 29.493
1655.2 30.106
1659.5 30.514
1654.1 30.482
1663.7 31.647
1678 32.233
1664.2 31.931
1699.8 33.092
1726.3 33.702
1731.8 33.747
1731 33.497
1737.8 33.233
1747.1 33.778
1756.8 34.151
1737.9 33.725
1722.8 33.722
1746.4 34.165
1729.3 33.673
1739 33.884
1723.3 33.576
1723 33.696
1715.9 33.326
1726.3 33.386
1726.8 33.354
1724.5 33.2
1757.1 34.413
1770 34.239
1784.9 35.544
1775.1 35.332
1773.6 35.516
1787 37.14
1709.9 34.583
1721.1 35.611
1708.8 34.481
1703 33.651
1671.4 32.741
1683.3 33.543
1698.1 33.789
1710.9 34.175
1699.2 33.374
1693.7 33.544
1642.5 32.147
1659.1 32.693
1655.5 32.573
1666.9 32.926
1646.7 31.805
1650 32.199
1642.3 31.319
1662.3 32.248
1685.5 32.726
1684.8 32.601
1657.9 31.816
1652.2 31.978
1669.3 32.469
1677.5 33.083
1670 33.25
1612.3 31.029
1628.5 31.716
1642.5 31.513
1659.5 31.67
1659 31.511
1679.5 32.515
1659.1 31.38
1648.7 31.364
1650.3 31.665
1638.8 31.478
1640.6 31.771
1642.1 31.644
1631.9 30.525
1643 30.74
1641.4 30.351
1659.6 31.203
1664 31.347
1663.4 30.959
1661.7 30.877
1653.4 30.592
1634.2 29.959
1644.7 30.38
1638.6 30.072
1604 29.414
1593.7 29.197
1595.1 29.136
1583.6 28.858
1560.6 28.319
1556.8 28.054
1536.2 27.17
1574.5 27.996
1591.6 28.694
1588.4 28.304
1576.3 28.165
1548.1 27.508
1557.3 28.142
1568.8 28.37
1548.6 27.767
1563.4 27.962
1562.6 27.741
1620.5 28.497
1612.2 27.992
1615.2 28.39
1632.8 29.476
1586.6 28.519
1590.1 28.461
1595.5 28.606
1612.7 28.943
1618.1 28.935
1618.4 28.401
1627 28.734
1625.7 28.665
1622.2 28.362
1614.8 28.383
1564.5 26.833
1566 26.657
1587.5 27.518
1574 27.037
1577.5 26.941
1549.7 26.247
1603.5 27.58
1597.2 27.468
1621.3 28.243
1608.9 27.638
1578.4 26.889
1588.6 27.411
1579.3 26.851
1575.2 26.995
1564.9 27.136
1591.6 27.344
1591.2 27.297
1589.1 27.292
1570.4 27.071
1580.1 27.194
1582.5 27.279
1577.1 27.019
1576 26.79
1608 27.445
1615 27.431
1617.9 27.478
1619.7 28.014
1610.5 27.895
1603.7 27.517
1587.4 26.981
1606 27.79
1612.9 27.852
1609.7 28.075
1612.9 28.067
1617.1 28.09
1619.7 28.055
1609.6 27.76
1599.4 27.756
1603.7 27.805
1616.1 28.205
1616.3 27.995
1620.1 28.586
1639.9 29.421
1637.4 29.549
1669.6 30.447
1669.8 30.606
1672.4 31.039
1666.5 30.869
1659.8 30.831
1653.5 30.367
1684.6 31.37
1692.9 32.348
1690.8 32.272
1702.6 32.619
1737.5 33.633
1728.7 33.574
1731.8 33.509
1730.6 33.233
1769.1 34.716
1769.8 34.603
1767.7 34.298
1768.4 34.644
1769 34.519
1767.7 34.618
1775.5 34.567
1762.1 33.921
1763.8 33.886
1750.6 33.883
1777.6 34.595
1771.1 34.517
1780.5 34.881
1772.7 34.604
1777.3 34.631
1794.1 35.041
1778.6 34.516
1773.5 33.982
1763 33.951
1763.2 34.073
1768.8 34.046
1758 33.633
1736 32.707
1744.7 32.922
1751.5 33.197
1743.3 32.838
1722.8 32.073
1725.1 32.227
1708.3 31.768
1700.5 31.595
1712 32.049
1710.9 32.011
1717.5 32.288
1714.1 32.226
1674.1 30.835
1682.2 31.113
1714.1 32.019
1713.2 31.651
1725.4 32.231
1730.3 32.59
1730.3 32.513
1724.2 32.478
1729.5 32.871
1713.3 32.665
1714.3 32.361
1734 33.181
1723.2 32.923
1727.9 33.344
1751.3 34.111
1749.5 34.138
1742.2 33.982
1716.5 33.681
1727.2 34.348
1710.9 33.204
1719.6 33.681
1694.4 32.734
1692.4 32.883
1700.3 33.039
1704 33.053
1713 33.3
1708.2 32.941
1716.6 33.707
1695.6 32.28
1695.8 32.223
1697 32.206
1669.5 31.595
1666.5 31.045
1644.9 29.612
1659.1 30.142
1658.6 29.839
1659.8 29.983
1662.6 30.184
1654.9 29.92
1674.8 30.173
1687.9 30.952
1673.7 30.671
1648.1 29.896
1645.5 30.032
1661.5 30.415
1654.8 30.201
1677.3 30.875
1660 30.367
1668.9 31.08
1683.4 31.498
1682.7 31.514
1690.4 31.786
1686.6 31.902
1692.8 32.147
1686.3 32.409
1669.5 31.695
1656.4 31.18
1652.4 30.756
1660.7 31.159
1679.9 32.152
1660.6 31.335
1669.4 31.942
1675.3 31.7
1672.4 31.859
1677.7 31.861
1670.4 31.387
1666 31.425
1648.2 30.895
1648.7 31.004
1644.2 30.854
1634.7 30.343
1608.8 29.839
1603.6 29.413
1577.6 28.615
1578.2 28.695
1572.4 28.456
1586.2 28.983
1615.2 29.256
1595.2 28.943
1577.7 28.395
1571.9 28.451
1572.1 28.457
1574.6 28.563
1574.6 28.76
1574.8 28.767
1576.6 28.909
1577.8 28.812
1591.5 29.131
1588.3 28.922
1590.6 28.772
1592.5 28.817
1604.6 28.841
1611.3 28.81
1607.5 28.783
1613.8 29.179
1606.2 28.666
1604.6 28.785
1595.8 28.644
1606.2 28.577
1594.8 28.292
1600 27.913
1575.1 27.217
1552.8 26.773
1551.8 26.748
1575.4 27.201
1572 27.12
1586.2 27.866
1558.3 27.639
1564.3 27.685
1501 26.322
1360.6 23.355
1386.8 23.622
1382.2 23.301
1392 23.239
1395.3 22.955
1421 23.32
1408.6 22.813
1423.4 22.829
1461.8 24.14
1453.6 23.758
1467.4 24.122
1472.2 24.144
1446.3 23.305
1467.7 23.79
1464.3 23.975
1468.1 23.918
1449 23.771
1473.9 23.892
1468.8 23.879
1436.8 23.632
1434.5 23.67
1424.7 23.355
1396.5 22.643
1387.1 22.643
1364.9 22.339
1384.3 22.568
1377.8 22.442
1367.6 22.458
1392 22.494
1386.8 22.482
1379.1 22.18
1391.3 22.445
1411.5 22.674
1392.6 22.228
1411.7 22.715
1397.1 22.4
1398.4 22.465
1415.7 22.701
1383 21.737
1386.2 21.921
1377 21.645
1391.8 21.796
1377.6 21.582
1387.3 21.953
1382.8 21.757
1366.6 21.676
1373.6 21.622
1285.9 19.822
1291.6 19.958
1276.8 19.493
1274.8 19.526
1229.6 18.587
1211.4 18.533
1223.8 19.451
1255.9 19.56
1243.6 19.298
1252.1 19.689
1212.9 18.726
1234.9 19.025
1245.9 19.125
1247.4 19.151
1280.1 19.943
1277.8 19.779
1283.8 19.826
1290.8 19.923
1277.9 19.409
1284.6 19.376
1293.3 19.448
1336.4 20.498
1335.1 20.246
1319.7 20.014
1329 20.147
1321.7 19.765
1328.4 19.854
1324 19.666
1312.4 19.617
1311 19.615
1310.6 19.903
1302.6 19.711
1283.2 19.515
1286.1 19.498
1310.7 20.184
1312.9 20.399
1334.7 21.332
1321.2 21.336
1334 21.781
1361.6 22.929
1371.7 23.317
1366.2 23.161
1373.1 23.066
1370.6 22.958
1371.2 23.03
1395.7 23.733
1393 24.008
1420.6 24.649
1419 24.389
1412.9 24.09
1396.1 23.463
1412 24.382
1389.9 23.369
1373.1 23.206
1386.7 23.842
1386.8 23.668
1364.1 22.966
1363.9 23.121
1330.4 22.099
1308.4 21.67
1317.9 21.963
1309.5 21.735
1307.8 21.514
1369.4 23.242
1332.5 21.876
1326.9 21.805
1316 21.539
1335.9 21.838
1323.6 21.72
1338.4 21.783
1326.5 21.656
1286 21.124
1320.6 21.846
1317.4 21.739
1309.7 21.705
1324.8 22.339
1324.2 22.397
1306.9 21.846
1296.6 21.85
1268 21.215
1276.4 21.31
1273 21.146
1282 21.32
1322.7 21.903
1314.4 21.869
1315.7 22.233
1342.5 22.754
1333.9 22.582
1350.2 22.786
1352.4 22.603
1352 22.498
1345.2 22.452
1349 22.946
1323.6 21.832
1313.1 21.804
1314.6 21.678
1308 21.614
1317.7 21.746
1308.4 21.639
1284.5 21.307
1281 21.272
1271.1 20.768
1268.3 20.432
1286.2 20.712
1287.3 20.717
1272.2 20.349
1273.4 20.326
1257.9 20.05
1243.5 19.928
1244 19.856
1241.1 19.88
1241.4 19.846
1237.8 19.633
1250.6 19.981
1222.3 19.233
1221.7 19.011
1248.2 19.774
1233.2 19.514
1230.3 19.465
1235.3 19.644
1262.4 20.256
1258.5 20.298
1226 19.402
1235.7 19.559
1245.5 20.049
1231.2 19.792
1236.1 20.014
1195 19.143
1205.1 19.418
1198.4 19.378
1205.1 19.453
1214.1 19.885
1216.1 20.013
1203.1 19.581
1201.9 19.339
1225 20.098
1238.4 20.182
1237.8 20.077
1229.4 19.765
1225.3 19.518
1229.3 19.663
1246.7 20.201
1250.9 20.361
1245.2 20.251
1238.1 20.103
1240 20.025
1251.7 20.267
1242.3 19.838
1239 19.809
1262.6 19.986
1264.5 19.743
1263.6 19.771
1251 19.483
1262.2 19.533
1242.2 19.111
1240.1 19.105
1260.4 19.389
1251.7 19.402
1257.3 19.785
1257.6 19.908
1263.3 19.92
1274.8 20.099
1290.1 20.143
1295.3 20.331
1300.4 20.385
1319 21.411
1324.7 21.891
1320.6 21.844
1317.1 21.678
1323.9 21.777
1338.3 22.047
1343 21.96
1328.2 21.254
1331.6 21.314
1321.4 21.204
1350.1 21.448
1337.8 21.188
1340.2 21.239
1351.7 21.542
1338.1 20.897
1341.4 20.879
1346.5 20.784
1370.3 21.328
1372.2 21.169
1379 21.384
1372.9 21.249
1359 20.836
1341.4 20.8
1330.5 20.404
1336 20.286
1311.2 20.043
1311.4 19.955
1303.4 19.759
1294.7 19.69
1293.8 19.772
1283.4 19.734
1279.6 19.669
1290.5 20.031
1284.4 19.786
1303.2 19.927
1298 19.891
1308.7 20.042
1305.5 19.755
1320.1 20.078
1318.7 19.933
1327.2 19.999
1300 19.478
1303.1 19.623
1293.4 19.586
1288 19.341
1280.6 19.351
1284.2 19.43
1290.5 19.682
1300.7 19.685
1298.9 19.585
1296 19.488
1295.6 19.119
1283.1 18.989
1302.6 19.492
1309 19.52
1308.3 19.598
1288.6 19.298
1287.4 19.094
1287.3 19.077
1295.6 19.5
1294.6 19.504
1305.7 19.735
1293.5 19.447
1293.3 19.292
1293.7 19.322
1294.5 19.367
1288 19.307
1294.9 19.49
1291.6 19.388
1265.4 19.039
1259.3 19.035
1256.3 18.983
1245.6 18.653
1243.7 18.709
1244.3 18.732
1244 18.766
1253 19.055
1252.1 18.963
1253.5 19.045
1259.8 19.147
1260.8 19.154
1273.6 19.515
1273.7 19.637
1274.9 19.702
1271.7 19.721
1272.4 19.767
1313.7 20.637
1316.2 20.942
1318 20.909
1320.9 21.038
1322.2 21.111
1316.1 21.103
1319 21.077
1321.8 21.007
1326.4 21.067
1330.7 21.254
1320.4 21.089
1316.5 20.966
1316 20.967
1323.8 21.022
1338.7 21.459
1337 21.411
1306.3 20.864
1296.9 20.842
1299.6 20.727
1316.7 21.086
1309.2 20.838
1313.7 20.966
1306.1 20.965
1304.5 20.952
1290.6 20.376
1303.1 20.588
1303.3 20.526
1298.3 20.546
1294.9 20.558
1281.3 20.373
1293.6 20.332
1287.7 20.194
1284 19.794
1306.7 19.985
1310.8 19.951
1308.9 19.902
1308.5 20.06
1308.8 19.87
1312.8 19.81
1313.9 19.871
1304.5 19.49
1297.7 19.6
1295.1 19.387
1293.4 19.472
1273.7 19.39
1278.6 19.361
1277.3 19.338
1283.8 19.37
1281.9 19.395
1288.7 19.534
1285.8 19.398
1263.7 19.071
1268.9 19.108
1265.1 19.064
1265.8 19.082
1252.7 18.887
1246.8 18.844
1243.5 18.856
1237.4 18.533
1229.9 18.546
1233.6 18.556
1235.2 18.656
1234.4 18.663
1225.7 18.452
1215.3 17.781
1216.8 17.699
1221 17.713
1218.6 17.643
1221.2 17.379
1214.1 17.477
1217.5 17.516
1210.5 17.006
1214.6 17.21
1214.2 17.001
1192.2 16.78
1206.7 17.18
1211.7 17.191
1205.3 17.015
1224.6 17.367
1221 17.252
1229.3 17.294
1233.6 17.353
1244.1 17.415
1240.5 17.388
1238.3 17.282
1244 17.304
1251 17.504
1244.8 17.186
1228.5 17.114
1231.2 17.136
1229.1 17.115
1229.2 17.185
1224.3 17.219
1198.1 16.391
1171.1 16.077
1169.4 16.175
1167.4 15.927
1145.4 15.418
1142.3 15.392
1169.6 15.699
1159.6 15.657
1162.8 15.664
1158.9 15.619
1161.1 15.617
1185 16.31
1183 16.053
1196.7 16.17
1193.6 16.29
1190.7 16.133
1197.5 16.391
1195.5 16.377
1197.1 16.554
1196.6 16.548
1175.2 15.489
1218 16.648
1199.2 16.408
1208.5 16.359
1207.5 16.52
1190.1 16.196
1194.7 16.216
1231.5 17.081
1228.9 17.133
1225.1 17.059
1222 17.019
1207.2 16.527
1193.9 15.715
1194.3 15.891
1194.7 15.894
1195.9 15.991
1179.7 15.649
1177.9 15.73
1173.5 15.673
1195.3 16.112
1181.7 15.744
1200.2 16.24
1183.9 15.565
1186 15.734
1203.9 16.179
1219.3 16.603
1210.6 16.51
1208.4 16.351
1216 16.386
1232.7 16.535
1234.3 17.125
1234.4 16.956
1264.7 17.073
1276.9 17.739
1294.2 17.947
1293.7 18.179
1300.7 18.346
1292.6 18.284
1279.4 17.967
1291.7 18.068
1285.9 18.068
1254.6 16.758
1278.5 17.192
1276.2 17.235
1259.7 17.305
1263.8 17.379
1262 17.18
1233.9 16.678
1240.8 17.054
1231.6 16.857
1219 16.745
1220.1 16.778
1226.5 17.278
1208.1 16.362
1199.7 16.25
1207.1 16.371
1204.4 16.263
1200.3 16.247
1196.9 16.182
1201 16.424
1209.6 16.583
1212.6 16.513
1207.7 16.407
1204 16.258
1200.6 16.132
1195.9 16.132
1164.1 15.784
1166.4 15.755
1160.1 15.613
1150.7 15.345
1152.1 15.493
1152.6 15.477
1153.3 15.601
1148.3 15.562
1151.4 15.525
1169.1 16.098
1184.8 16.867
1188 16.872
1191.7 16.963
1197.3 16.98
1205.1 17.122
1199.8 17.052
1184.8 16.657
1183.1 16.581
1208.1 17.044
1200.9 16.686
1218.6 17.095
1210.6 16.825
1203.1 16.44
1193.6 16.164
1204.6 16.37
1199.3 16.28
1192.8 16.151
1201.5 16.269
1198 16.276
1202.9 16.221
1193.5 15.883
1202.9 16.002
1186.9 15.791
1194.4 15.824
1175.2 15.631
1203.3 16.39
1214 16.587
1209.8 16.67
1182.4 16.124
1174.5 16.111
1186.8 16.418
1193.2 16.557
1190.3 16.484
1182.4 16.272
1189.1 16.442
1183.2 16.298
1192.6 16.51
1218.4 17.207
1225.4 17.449
1225.5 17.545
1227.8 17.712
1206.9 17.05
1208.9 17.092
1204.4 17.111
1204.3 17.03
1187.2 16.734
1185.9 16.638
1188.1 16.653
1189.4 16.684
1188.3 16.664
1194.1 16.783
1184.7 16.464
1174.9 16.089
1167.8 15.971
1173.2 15.951
1177.3 15.949
1186.1 15.952
1179.9 15.953
1178.8 15.818
1185.3 16.076
1180.5 15.958
1176.4 15.94
1201.5 16.148
1201.5 16.104
1183.7 16.137
1176.2 15.732
1172.6 15.848
1171.5 15.805
1172.9 15.735
1178.5 15.664
1171.5 15.551
1169 15.552
1163 15.537
1172.9 15.726
1152.4 14.95
1163.3 15.147
1159 15.345
1157.7 15.468
1155.2 15.436
1153.3 15.295
1147.2 15.028
1143.8 14.964
1131.8 14.82
1106.7 14.745
1103.4 14.769
1091.4 14.714
1094 14.683
1085.6 14.477
1096.5 14.594
1096.3 14.631
1092.7 14.734
1088.4 14.691
1094.9 14.746
1089.4 14.516
1090.7 14.55
1085.7 14.546
1090.2 14.67
1094.1 14.816
1104.2 15.289
1107.6 15.281
1123.2 15.473
1115.7 15.396
1112.9 15.21
1118.6 15.295
1117.1 14.787
1128.1 15.176
1153 15.517
1159.6 15.301
1153.4 14.762
1138.2 14.61
1124.6 14.045
1122.4 14.421
1133.1 14.535
1131.6 14.577
1138.7 14.613
1132.5 14.661
1123.7 14.702
1120.6 14.544
1120.4 14.75
1102.2 14.568
1109.5 14.634
1103.5 14.49
1107.7 14.357
1102.8 14.319
1119.2 14.878
1117.3 14.975
1138.1 15.154
1133.1 15.216
1125 14.75
1131.6 14.78
1153.8 15.125
1146 15.106
1132 14.538
1127.1 14.569
1115.5 14.513
1114.2 14.506
1137.1 15.257
1138.1 15.702
1146.8 15.979
1149 16.088
1144.7 15.76
1156.3 15.809
1164.9 15.855
1165.8 15.897
1180.1 16.102
1187.9 16.152
1183.6 16.102
1173.3 15.829
1178 15.905
1167.6 15.696
1166.6 15.823
1163.3 15.818
1167 15.9
1166.8 15.858
1177.1 16.288
1147.2 15.544
1141.5 15.566
1135.8 15.413
1114.2 15.244
1106.5 15.063
1104.4 14.988
1087.6 14.696
1087.9 14.418
1088.2 14.356
1084.7 14.262
1080.8 14.224
1080.8 14.203
1083.7 14.221
1068.7 14.17
1068.8 14.08
1078 14.242
1076.4 14.106
1066.8 14.042
1074.3 14.169
1070.5 14.168
1056.2 14.008
1065.8 14.05
1063.8 14.055
1054.2 13.979
1061.7 14.053
1084.5 14.505
1076.4 14.307
1076.3 14.091
1077.6 14.164
1073.1 14.085
1076.9 13.859
1064.7 13.666
1062.9 13.74
1078 14.218
1050.8 13.683
1066.2 14.08
1081.9 14.301
1074.8 14.302
1069.4 14.277
1077.2 14.369
1070.5 13.873
1077.5 13.917
1060.1 13.814
1060.3 13.775
1075.1 13.817
1078.4 13.949
1091.9 13.957
1107.7 14.335
1097.8 13.908
1096.5 13.855
1085.6 13.74
1087.5 14.145
1073.9 13.737
1091.5 13.884
1089.9 14.11
1107.1 14.147
1099.1 14.083
1097.2 14.043
1106.2 14.24
1121.7 14.544
1116.1 14.44
1115.6 14.216
1116.4 14.229
1127.9 14.329
1127.3 14.276
1141.3 14.72
1157.6 14.836
1157.8 14.764
1197.9 15.416
1198.7 15.444
1194.7 15.277
1247.9 15.789
1239.1 15.785
1207.9 15.329
1211.1 15.372
1226.1 15.427
1230.4 15.368
1209.5 15.179
1222.3 15.235
1238.7 15.292
1238.2 15.165
1219.8 14.689
1233.9 14.896
1230.3 14.733
1241.1 15.003
1257.4 15.131
1269.9 15.681
1263.2 15.623
1262.1 15.384
1256.6 15.355
1272 15.546
1258.7 15.607
1244.4 15.518
1230.4 15.255
1229.3 15.214
1264.5 16.022
1253.8 15.806
1243.8 15.841
1248.2 15.877
1223.7 15.263
1221.4 15.191
1219.9 15.194
1235.6 15.237
1226.9 15.206
1234.2 15.46
1222.2 15.042
1218 14.942
1228.4 15.114
1222.5 15.052
1236.2 15.156
1242.5 15.382
1256.7 15.974
1259.4 16.22
1246.8 16.323
1225 16.169
1233.1 16.309
1233.6 16.249
1253 16.968
1253.2 17.131
1249 17.086
1228.7 16.896
1238.9 17.005
1242.2 17.106
1249.2 17.286
1265.5 17.553
1289.2 17.789
1294.7 17.656
1290.7 17.474
1273.3 17.277
1271.4 17.302
1292.9 17.507
1265.6 17.07
1263.9 17.075
1274.6 17.302
1270.3 17.087
1271.9 17.115
1273.4 17.142
1276.2 17.235
1273.7 17.12
1254.2 16.479
1252.4 16.519
1251.1 16.41
1228.9 16.238
1223.5 16.255
1220.1 16.338
1214.8 15.972
1211.9 15.906
1209.8 16.005
1240.1 16.346
1244.6 16.428
1244.4 16.377
1259.8 16.968
1270.2 17.253
1273.4 17.315
1284.4 17.428
1285.6 17.41
1285.8 17.489
1296.1 17.594
1292.5 17.4
1290 17.503
1270.5 17.311
1268 17.305
1261.2 17.348
1320 17.785
1322.5 17.74
1315.3 17.839
1323.9 18.362
1318.4 18.582
1336.7 19.544
1356.4 19.866
1364.9 20.16
1360.1 19.798
1356.6 20.058
1355 20.264
1334.1 20.13
1342.4 20.37
1331.3 20.281
1326.5 20.125
1328.4 20.044
1331.5 19.975
1318.8 19.582
1330.5 19.784
1323.1 19.657
1319.3 19.615
1320.7 19.655
1326.6 19.965
1332.3 20.16
1349 20.312
1351.4 20.465
1364.4 20.666
1356.1 20.436
1358.8 20.406
1336.4 19.78
1333.4 19.768
1339 19.814
1344.3 20.134
1342.5 19.984
1335.8 19.672
1340.3 19.821
1350.5 19.848
1342.7 19.627
1351.2 19.72
1340.4 19.301
1337.7 18.843
1340.6 18.91
1324.4 18.545
1320.1 18.478
1321.5 18.645
1322.9 18.762
1311.7 18.577
1306.9 18.622
1312.2 18.857
1322.1 19.276
1349.4 20.049
1344.3 19.759
1336.8 19.591
1330.1 19.282
1321 18.915
1319 18.89
1321.5 18.982
1313.5 18.959
1305.8 18.781
1313.5 19.206
1313.7 19.195
1326.9 19.686
1340.4 20.02
1337.2 19.733
1339.7 19.516
1325.9 19.087
1319.4 19.044
1321.7 19.115
1313.3 19.139
1309 18.795
1266.3 17.713
1265.2 17.634
1249.8 17.288
1248.9 17.324
1253 17.456
1251.1 17.455
1255 17.41
1253.1 17.393
1254.4 17.426
1260.8 17.591
1267.9 17.616
1265.6 17.502
1265.9 17.448
1262 17.562
1271.9 17.736
1264.8 17.585
1267.9 17.604
1275.5 17.762
1271.5 17.762
1286.4 18.385
1306.8 18.66
1302.1 18.383
1303.3 18.342
1278.3 18.124
1273.4 18.33
1272.6 18.357
1265.5 18.716
1221.2 16.877
1224 17.029
1223.4 16.914
1216.5 16.761
1208.5 16.613
1209.6 16.512
1211 16.623
1189.1 16.383
1178.2 16.464
1190.6 16.578
1187.9 16.661
1170.8 16.406
1166.9 16.427
1175.1 16.753
1174 16.824
1167.6 16.74
1175 17.203
1169.8 17.025
1159.4 16.897
1163.5 17.116
1156.7 16.911
1161.3 17.152
1127.8 15.897
1135.3 16.153
1140.5 16.026
1131.5 16.054
1131.1 15.918
1128.8 15.815
1131.9 15.704
1137.3 15.929
1139.4 15.988
1156.4 16.163
1150 15.936
1160.4 16.356
1163.8 16.499
1179.7 16.584
1171.9 16.466
1183.5 16.63
1184.2 16.803
1195.6 16.783
1198.9 16.78
1195.3 16.72
1212 17.102
1211.3 17.235
1200.9 16.967
1204.3 16.997
1215 17.15
1210.3 17.149
1197.3 16.944
1189.5 16.814
1188.1 17.1
1193.2 17.122
1208.6 17.512
1205.6 17.42
1216.7 17.402
1218.5 17.453
1230 17.667
1234.2 17.733
1237.6 17.683
1235.1 17.72
1234.4 17.912
1224.4 17.804
1223.9 17.872
1231.7 17.947
1240 18.063
1237.6 18.019
1237.5 17.99
1232 17.942
1250.2 18.113
1256.9 18.335
1257.4 18.354
1252.6 18.42
1248.9 18.443
1231.9 17.705
1225.5 17.697
1224.5 17.725
1215.1 17.492
1208.5 17.257
1202.4 16.993
1200.7 16.883
1202.4 16.935
1201.9 16.888
1200.1 16.888
1226.5 17.296
1229.8 17.379
1233.6 17.403
1246.1 17.55
1249.3 17.545
1246.9 17.563
1248.2 17.72
1255.4 18.08
1255.3 18.225
1253.4 18.228
1245 18.185
1247.3 18.235
1250.8 18.191
1255 18.302
1245.4 18.166
1250.3 18.225
1254.3 18.13
1251.1 17.894
1271.2 18.233
1275.3 18.279
1285.9 18.489
1289.4 18.493
1291.7 18.251
1281.4 18.136
1281.9 17.992
1287.4 17.83
1275.8 17.848
1265.6 17.581
1262.1 17.353
1263.7 17.265
1266.1 17.191
1253.3 16.78
1255.1 16.769
1246.4 16.487
1226.5 16.244
1224.8 16.215
1225.3 16.199
1214.3 16.008
1217.3 16.151
1222.7 16.209
1226.2 16.346
1228.6 16.561
1235 16.693
1257.5 16.852
1251.7 16.621
1252.7 16.75
1260.7 17.143
1254.8 17.091
1252.4 17.077
1255.8 17.152
1267.6 17.283
1262.1 17.388
1272 17.368
1267 17.243
1276.8 17.487
1279.3 17.547
1294.4 17.677
1290.1 17.587
1276.3 17.384
1268.5 17.193
1266.1 16.914
1265.8 16.738
1272.8 17.107
1252.2 16.691
1254 16.636
1244.2 16.483
1241 16.398
1243.4 16.355
1247.6 16.49
1256.2 16.628
1246.3 16.56
1246.4 16.576
1248 16.715
1244.2 16.586
1240.7 16.568
1217.9 16.037
1220.4 15.842
1222.2 15.927
1208.6 15.371
1212.1 15.577
1213.6 15.697
1218.1 15.839
1216.3 15.642
1226.6 15.884
1232.8 16.05
1241.1 16.222
1241.2 16.251
1244.8 16.299
1254.3 16.41
1253.9 16.398
1251.7 16.497
1249 16.415
1259.6 16.529
1268.4 16.664
1266.6 16.75
1272.6 16.728
1271.8 16.697
1267.8 16.594
1258.3 16.222
1258.2 16.221
1256.4 16.36
1273 16.834
1283.7 17.036
1287.7 17.041
1284.2 17.093
1273.7 16.69
1276.9 16.917
1286.4 17.03
1285.7 16.98
1290.8 16.995
1285.1 16.962
1288.9 17.032
1286.5 16.952
1292.5 17.038
1309.7 17.431
1313.1 17.422
1308.1 17.404
1316.2 17.48
1324.5 17.719
1339.2 17.845
1333.9 17.816
1345.1 18.016
1346 18.027
1331 17.807
1328 17.795
1323.4 17.772
1324.7 17.698
1320.4 17.611
1306.3 17.071
1306.2 17.195
1312 17.251
1290.6 16.937
1293.3 16.903
1306.8 17.059
1297 16.804
1283.4 16.748
1285.5 16.773
1281.5 16.607
1272.7 16.585
1271.5 16.581
1273.7 16.563
1269.9 16.582
1271.6 16.734
1281.8 16.916
1290.6 17.155
1285.8 17.081
1293.3 17.211
1301.5 17.355
1299.9 17.315
1283 16.987
1279.9 16.943
1286.9 17.201
1277.4 17.022
1277.7 17.024
1275 16.907
1275.4 16.868
1266.3 16.764
1268.5 16.702
1274.1 16.802
1267 16.645
1274.1 17.132
1274.9 17.094
1266.5 16.794
1279.4 17.195
1273.7 16.905
1281.6 17.106
1285.6 16.943
1272.4 16.844
1277.3 17.023
1281.5 17.052
1276.5 16.95
1277.4 17.056
1295.8 17.358
1274.6 16.827
1281.1 16.949
1291.6 17.101
1286.7 16.981
1293.8 17.009
1294.7 16.811
1282.1 16.457
1273.2 16.382
1278.8 16.297
1274.3 16.284
1261.6 15.973
1262.8 15.868
1249.8 15.715
1245.2 15.736
1243.7 15.697
1238.5 15.582
1245.4 15.784
1253.8 15.85
1254.3 15.978
1262.2 16.12
1260.7 16.066
1266.1 16.188
1267.3 16.152
1275.4 16.357
1284.1 16.52
1287 16.619
1294.1 16.832
1306.3 17.06
1313.7 17.121
1316.2 17.185
1319.4 17.189
1320.3 17.205
1318.6 17.064
1311.7 16.936
1317.4 16.963
1320.6 16.894
1333.4 17.069
1335.4 17.122
1338 17.105
1326 16.893
1331.9 16.975
1330.9 16.931
1335.7 16.855
1355.9 17.425
1362.4 17.551
1351.6 17.382
1335.4 17.013
1339 17.204
1344.3 17.118
1333.7 16.676
1333 16.639
1326.1 16.548
1311.6 16.206
1316.9 16.314
1313.1 16.116
1324.2 16.548
1328.1 16.507
1355.5 16.858
1352.1 16.777
1353.2 16.695
1328.8 16.425
1330 16.604
1330.6 16.579
1328.2 16.476
1330.7 16.542
1315.5 16.346
1315.5 16.324
1302.9 16.2
1321.1 16.392
1318.1 16.338
1333.6 16.715
1326 16.428
1319.9 16.436
1322.4 16.546
1319.4 16.471
1325.9 16.559
1324.4 16.467
1316.8 16.353
1311.3 16.202
1316.8 16.255
1311.1 16.125
1320.7 16.357
1326.6 16.328
1349.3 16.53
1354.4 16.632
1341.3 16.489
1324.2 16.205
1322.8 16.223
1342.1 16.627
1332.8 16.347
1335.8 16.209
1324.3 16.32
1331.9 16.332
1336.3 16.499
1342 16.566
1356.5 16.738
1338.4 16.443
1344.8 16.628
1347.5 16.662
1347.2 16.772
1351.2 17.231
1346.8 17.222
1336.7 17.147
1322.5 16.571
1331.4 16.687
1321.2 16.486
1316.3 16.488
1320.3 16.406
1316.2 16.312
1303.8 16.039
1302.6 16.291
1310.7 16.362
1312.7 16.434
1312.2 16.413
1312 16.388
1311.3 16.458
1320.8 16.68
1319 16.676
1316.5 16.57
1288.9 16.194
1290.2 16.297
1288.2 16.413
1290.2 16.387
1290.2 16.452
1291.7 16.508
1289.3 16.338
1303.7 16.621
1303.3 16.481
1298.7 16.305
1301.5 16.479
1300.1 16.402
1294.8 16.388
1293.1 16.379
1297.5 16.491
1297.1 16.642
1298.7 16.766
1298.1 16.694
1298.9 16.905
1295.1 16.849
1296.9 16.953
1304 17.226
1274.6 16.452
1276.2 16.412
1275.6 16.303
1271.2 16.289
1267.2 16.306
1267.4 16.439
1265.6 16.308
1256.6 16.238
1252.8 16.139
1247.8 15.951
1251.3 16.104
1239.8 15.744
1251.6 15.952
1257.3 16.008
1254.3 15.981
1258.1 16.053
1253.8 16.003
1242.8 15.732
1245 15.898
1239.6 15.739
1238.1 15.735
1225.7 15.546
1226.3 15.503
1222.4 15.34
1229.5 15.49
1224 15.368
1223.9 15.463
1231.4 15.533
1225.3 15.438
1222.6 15.436
1221.3 15.475
1223.7 15.5
1217.9 15.394
1210.6 15.329
1214.2 15.406
1208.6 15.292
1209.6 15.317
1212.6 15.376
1211.9 15.419
1211.1 15.266
1191.3 14.953
1193 15.025
1177.5 14.421
1176.2 14.697
1176.5 14.616
1186.8 14.655
1192.6 14.751
1196.3 14.735
1187 14.527
1206.3 14.779
1209 14.844
1207.4 14.767
1204.5 14.688
1197.7 14.477
1200.3 14.438
1192.7 14.061
1194.9 14.118
1197.9 14.075
1193.6 14.067
1193 14.079
1195.4 14.052
1204.7 14.192
1202 14.143
1195 14.042
1199.7 14.122
1196.8 14.084
1202.2 14.189
1206.2 14.215
1196.2 14.269
1199.3 14.251
1200 14.398
1194 14.305
1182.3 14.201
1191.5 14.623
1187.1 14.422
1202.4 14.61
1198.3 14.59
1197.2 14.51
1201.2 14.569
1184.4 14.259
1187.2 14.329
1189.3 14.255
1223.5 14.535
1218.1 14.564
1226.4 14.656
1227.3 14.63
1223.7 14.592
1226.5 14.533
1225.3 14.579
1221.2 14.522
1233.4 14.728
1227.8 14.611
1229.1 14.565
1232.5 14.635
1224.5 14.377
1222.6 14.403
1212.3 14.229
1236 14.729
1230.9 14.707
1229.8 14.604
1223.8 14.458
1226.2 14.528
1222.9 14.386
1206.4 14.103
1201.3 13.974
1199.2 13.952
1207.9 14.055
1212.8 14.237
1220.8 14.358
1223.1 14.381
1219 14.247
1225.8 14.48
1221 14.221
1220.2 14.183
1211.2 14.062
1221.4 14.303
1224.1 14.273
1220.2 14.094
1233.9 14.381
1241.1 14.521
1238.1 14.39
1246.8 14.572
1243.7 14.478
1241.9 14.499
1244.4 14.725
1242.7 14.729
1237 14.513
1252.1 14.702
1263.6 14.753
1253.8 14.583
1267.5 14.701
1269.2 15.004
1277.3 15.191
1279.9 15.326
1278.3 15.433
1281 15.542
1291.8 15.706
1282.7 15.695
1286.8 15.669
1283.2 15.626
1289.3 15.653
1284.7 15.561
1287.1 15.577
1289.1 15.609
1286.2 15.546
1291.6 15.564
1291 15.467
1281.3 15.33
1282.5 15.259
1283.1 15.317
1279.1 15.238
1297.4 15.639
1302.4 15.709
1308.2 15.786
1309.9 15.88
1319.7 16.022
1316.9 15.88
1314.3 15.837
1314.2 15.79
1309.5 15.656
1309.4 15.675
1313.7 15.773
1307 15.657
1309.2 15.66
1310.8 15.624
1309.8 15.5
1318.1 15.723
1340.1 15.947
1343.3 16.157
1323.5 15.791
1329.2 15.908
1325.9 15.825
1325.1 15.827
1317.7 15.672
1312.8 15.538
1296.4 15.169
1284.8 15.017
1282 15.02
1284.9 15.003
1283.8 14.96
1297 15.272
1288.8 15.197
1296.3 15.338
1307.5 15.381
1293.4 15.101
1301.8 15.253
1300.3 15.251
1305 15.301
1300.5 15.245
1306.1 15.372
1311.6 15.345
1321.9 15.507
1314.3 15.371
1309.9 15.239
1289.8 14.921
1293 15.06
1288.4 15.051
1290 15.018
1289.9 15.059
1289 15.041
1290.4 15.043
1297.1 15.173
1303.5 15.168
1309.1 15.201
1288.6 14.824
1290.6 14.92
1286.8 14.948
1272.6 14.891
1272.2 14.921
1271.9 14.937
1273.5 14.957
1269.3 14.773
1275.5 14.898
1275.8 14.861
1284.9 15.002
1278.6 14.844
1282.8 14.9
1281.4 14.645
1269.7 14.54
1279.2 14.907
1281.7 14.857
1283.5 14.86
1279.4 14.792
1283.5 14.707
1285.7 14.726
1300.1 14.713
1294.7 14.752
1296.3 14.752
1285 14.479
1274.5 14.348
1276.1 14.409
1272 14.373
1273.6 14.414
1284.8 14.577
1283 14.52
1276.5 14.281
1280.6 14.372
1287.1 14.46
1305.8 14.53
1322.7 14.703
1323.4 14.732
1328.3 14.754
1337.6 14.868
1341.2 14.994
1324.7 14.605
1326.4 14.706
1331.9 14.722
1339.2 14.871
1340.1 14.782
1338.7 14.814
1346.6 14.98
1344.6 14.945
1392.9 15.469
1396.2 15.273
1414.3 15.368
1414.9 15.291
1411.6 15.283
1408.4 15.205
1409.7 15.253
1385.6 15.106
1404.6 15.154
1417.7 15.252
1396.7 14.918
1397 14.972
1397.5 15.068
1410.1 15.147
1404.3 15.067
1409.9 15.161
1411.4 15.29
1409.2 15.6
1421.3 15.893
1426.1 16.12
1425.1 16.117
1425.3 16.34
1420.1 16.405
1422.8 16.554
1413.9 16.339
1418.5 16.325
1419.6 16.368
1429.7 16.495
1426.1 16.346
1420.9 16.121
1445.6 16.222
1464.6 16.345
1472.4 16.405
1507.3 17.156
1497.7 16.901
1496.6 16.897
1505.3 17.039
1502.2 16.956
1515.9 17.253
1519.6 17.188
1512.5 17.096
1500.4 16.914
1504.6 17.122
1504.6 17.125
1497.3 17.014
1526.6 17.395
1526.3 17.624
1541 18.139
1537.8 18.304
1526.5 18.167
1519.1 18.185
1545.9 19.079
1550.3 19.391
1515.4 18.656
1506.2 17.968
1502.2 18.019
1490.3 18.041
1494.4 18.031
1498.7 18.041
1490.9 17.436
1503.1 17.901
1505.1 18.016
1507.5 17.795
1498.4 17.773
1507.3 17.738
1523.7 18.6
1532.1 18.517
1504.6 17.962
1507.5 17.801
1499.1 17.552
1465.7 16.898
1482 17.202
1501 17.592
1507.1 17.585
1506.2 17.54
1497.7 17.457
1497.2 17.617
1506.1 17.728
1494.8 17.52
1482.7 17.462
1491.7 17.634
1477.6 17.308
1488 17.351
1492.3 17.536
1488.2 17.502
1482.4 17.526
1481.7 17.437
1489.9 17.517
1498.9 17.739
1499.5 17.861
1490 17.816
1487 17.771
1493.2 17.815
1511.4 18.014
1508 18.004
1508 18.014
1480.8 17.516
1490.2 17.558
1464.2 16.97
1461.3 16.783
1455.5 16.762
1452.1 16.677
1461.7 16.898
1471.8 17.013
1467.3 16.933
1470.9 16.985
1473.3 17.103
1473.3 17.1
1463.1 17.05
1463.1 16.985
1456.6 16.871
1459.8 17.03
1453.4 16.912
1465.6 16.969
1462.3 16.836
1478.2 17.125
1474 16.797
1476.9 16.942
1459.1 16.481
1459.3 16.532
1462.6 16.596
1469.4 16.744
1466.7 16.845
1475.6 16.912
1475 17.019
1474.6 16.978
1472.6 16.953
1478.2 17.058
1474.7 17.128
1482.5 17.403
1499.1 17.757
1509.3 17.894
1513.8 17.849
1514.5 17.908
1519.5 17.828
1524.5 17.966
1549.2 18.068
1566.2 18.097
1571.8 18.316
1557.4 18.088
1551.7 17.86
1557.5 18.033
1548.4 17.926
1542.4 17.674
1552.1 17.923
1549 17.875
1558.8 18.013
1556.4 17.751
1555.3 17.771
1564.6 17.773
1571.1 18.057
1576.8 18
1569.2 17.402
1569.8 17.431
1583.5 17.952
1582.9 17.972
1577.2 17.64
1550.4 17.528
1557.8 17.569
1565.1 17.789
1568.6 17.665
1574.7 17.758
1565.6 17.573
1567.4 17.478
1575.1 17.6
1582.7 17.715
1600 18.131
1607.5 18.292
1616.6 18.309
1644.6 18.521
1672.4 18.868
1646.9 18.183
1640 17.826
1640 17.658
1564.1 16.387
1592.3 16.679
1642.1 17.129
1641.1 17.187
1666.4 17.342
1670.8 17.214
1674.5 17.001
1659.1 16.906
1641.4 16.729
1589.3 15.961
1515.7 14.456
1485.9 12.772
1524.9 12.469
1477.3 11.735
1478.6 12.097
1484 12.349
1567 13.225
1660.2 14.229
1632.3 14.837
1650.1 14.64
1623.9 14.498
1622 14.074
1583.4 14.098
1578.2 13.926
1625.7 14.596
1633.7 14.436
1677 15.111
1664.8 15.422
1665.4 15.147
1736.2 15.995
1744.8 15.479
1756.7 16.072
1727.2 15.447
1720.4 15.564
1689.2 15.237
1701.6 15.556
1678.2 14.818
1728.7 15.277
1733.3 15.348
1723.5 15.254
1711.9 15.201
1710.5 15.162
1703.4 15.16
1684.2 14.898
1694.5 14.863
1706.9 14.722
1704.4 15.057
1684.2 14.987
1721.8 15.562
1709.9 15.74
1695.3 15.636
1704.4 15.687
1713.9 15.663
1738.1 16.136
1753.4 17.046
1731.8 17.464
1744.2 17.892
1750.6 18.002
1720.5 17.335
1734.6 17.664
1704.8 17.565
1710.3 17.686
1713.3 17.895
1736.9 18.44
1737.8 18.768
1725.2 18.207
1697.8 17.921
1718.9 18.024
1676.2 17.443
1698.3 17.868
1714.7 17.774
1713.3 17.776
1732 17.869
1729.3 17.462
1720.3 17.379
1729.6 17.632
1729.2 17.757
1724.8 17.493
1745.9 17.832
1756.7 17.887
1772.1 18.051
1765.8 17.658
1762.1 17.883
1772.5 18.023
1774.8 17.98
1793 18.541
1773.2 18.133
1784 18.244
1788.5 18.504
1804.2 18.628
1815.5 19.081
1799.2 18.882
1798.2 18.983
1811 19.709
1810.6 19.451
1811.4 19.685
1798.7 19.497
1808.3 19.685
1815.9 20.124
1842.4 21.497
1864.1 23.083
1889.1 22.945
1897.3 22.808
1931 24.476
1944.7 24.266
1953.5 24.293
1942.3 23.34
1962.8 24.189
1966 24.39
2001.2 26.012
2031.1 26.877
2051.5 28.387
2010.1 27.533
2024.4 29.249
1932.6 26.037
1934.9 25.955
1956.7 27.694
1937 26.065
1985 27.643
1999.4 28.049
1958.7 27.315
1933.8 27.122
1934.6 26.707
1927.7 26.588
1911.8 26.254
1940.7 27.43
1921.6 27.01
1964.6 27.61
1967.6 28.437
1968.2 28.486
1934.4 27.249
1927.6 26.735
1923.9 26.576
1933 26.864
1944.7 26.955
1954.2 27.163
1937.8 26.739
1953.1 27.229
1956.3 27.346
1960.2 27.355
1940 26.985
1952.1 27.028
1901.2 24.299
1898.6 24.442
1859.9 23.014
1868.3 23.118
1857.7 23.017
1872.8 23.528
1894.3 24.38
1887.5 23.433
1908.4 24.193
1900.2 23.971
1912.5 24.502
1901.1 23.87
1883.6 23.848
1888.6 23.837
1919.5 25.069
1922.5 25.226
1888.5 24.086
1901.3 24.364
1903.2 24.193
1900.8 24.369
1906.4 24.657
1910.4 24.937
1924.6 25.197
1901.1 24.665
1902 24.627
1902.7 24.376
1908.8 24.526
1876.2 23.324
1865.6 23.339
1877.4 23.617
1890.4 24.006
1908.5 24.305
1894.6 23.864
1945.3 25.171
1950.3 25.646
1853.2 23.685
1875.4 24.446
1860.7 24.251
1872.6 24.29
1885.7 24.759
1887.3 24.786
1884.5 24.635
1873.5 24.433
1861.1 24.033
1872.6 24.348
1837.8 23.624
1804.8 23.292
1805.7 23.356
1781.9 22.553
1775.7 22.534
1814.1 24.033
1825.7 24.025
1836.8 24.087
1835.9 24.203
1861.8 24.741
1870.8 24.684
1834.6 23.93
1833.6 24.031
1839.8 24.032
1828.7 23.985
1852.3 24.581
1856.1 24.985
1887.2 26.1
1885.7 25.949
1879.2 26.278
1866.6 25.434
1874.7 25.824
1879.9 25.811
1877.2 26.46
1879.7 26.138
1891 26.488
1893.1 26.332
1944.7 27.284
1952.7 27.571
1906.9 26.973
1912.3 27.2
1834.1 24.582
1849.6 25.239
1842.9 25.384
1853.6 25.52
1850.3 25.746
1829.3 24.825
1839.5 25.279
1865.9 25.734
1865.3 25.822
1855.7 25.524
1854.9 25.455
1850.7 25.529
1844.9 25.376
1837.9 25.909
1847.3 26.9
1860.8 29.398
1830.5 26.384
1832.2 26.878
1788.9 26.223
1810.9 27.014
1831.9 27.57
1835.3 27.396
1840.6 27.074
1824.9 27.042
1821.6 27.323
1797.2 27.319
1771.1 27.314
1773.4 27.077
1775.8 27.252
1806.7 28.083
1804.4 27.686
1796.4 27.857
1774.4 27.637
1728.1 26.402
1722.5 26.647
1733.1 26.85
1715.3 26.357
1700.2 25.434
1698 25.257
1677.7 25.24
1716.6 26.148
1721.5 26.102
1722.3 26.162
1719.5 25.88
1728.9 26.253
1730.6 25.974
1726.8 26.03
1732.2 26.321
1741.4 26.292
1737.8 25.741
1724.7 25.2
1732.9 25.201
1724.9 25.022
1732.2 25.092
1712.1 24.747
1683.9 24.121
1713.8 24.517
1726.5 24.935
1727 24.763
1741.5 25.212
1740.1 25.233
1756.8 25.569
1743.3 25.311
1731.2 24.853
1746.2 25.417
1734.9 25.515
1765.4 25.956
1779 26.099
1769.4 25.831
1777.3 25.835
1792.3 26.565
1781.2 26.174
1777 26.077
1779.2 26.211
1778 26.412
1773.2 26.081
1768.1 26.053
1767.3 25.853
1791.4 26.943
1775.8 26.539
1784.1 26.502
1815.5 27.462
1831.1 27.462
1837.5 27.479
1835.9 27.657
1822.6 27.231
1823.8 27.044
1837.9 27.353
1867.5 28.26
1867.8 28.314
1881.3 28.008
1881.8 28.052
1876.7 27.473
1884.6 27.887
1898.1 28.037
1901.3 27.853
1895.7 27.919
1902.5 27.993
1902.9 28.083
1907.5 28.186
1871.2 27.46
1889.8 27.879
1896.8 28.001
1892.2 27.715
1893.2 27.985
1894.2 28.015
1877.4 28.131
1864 28.024
1854.5 27.679
1859.5 27.8
1773.8 25.844
1767.9 25.958
1781.8 26.015
1776.3 25.848
1782.3 26.108
1775.6 26.047
1776.6 26.082
1779.6 26.218
1762.8 25.872
1770.8 26.165
1775.9 26.075
1782.6 26.481
1793.5 26.154
1801.5 26.11
1799.6 25.967
1810 26.211
1805.5 26.217
1809.4 26.115
1824.3 26.246
1828.4 26.375
1814.5 25.777
1808.7 25.126
1810.9 24.977
1802.9 25.238
1805 25.365
1801.4 25.218
1798.7 25.295
1799.5 24.632
1799.5 24.856
1831.2 25.764
1812.6 25.528
1818.1 25.557
1810.1 25.566
1810.5 25.446
1805.1 25.277
1760 24.312
1723.4 23.255
1728.8 23.377
1750.4 23.474
1749 23.105
1775.2 23.768
1786.9 23.78
1785 23.648
1781.6 23.412
1780.2 23.22
1781 23.105
1803.2 23.649
1805.6 23.89
1788.2 23.771
1792.2 23.546
1816.6 24.06
1809 23.96
1815 23.96
1813.1 24.177
1808.7 23.875
1830.9 24.762
1795.9 24.334
1790.7 24.012
1797.4 24.133
1789.6 23.855
1792 23.753
1804.7 23.842
1792.4 23.759
1754.6 22.752
1749.4 22.295
1761.8 22.163
1776 22.573
1776.7 22.869
1747.7 22.642
1749.7 22.388
1750 22.657
1735.8 22.43
1721.5 21.459
1755.3 22.021
1757 22.51
1766.2 22.618
1759.6 22.582
1760.5 22.506
1757.9 22.632
1756.3 22.679
1754.6 22.64
1758.3 22.491
1793.7 23.149
1796.7 23.456
1767.2 23.328
1764.8 23.243
1769.7 23.862
1784.1 24.424
1781.2 24.15
1795.5 24.429
1806 24.572
1792.7 24.086
1797.9 24.189
1801.6 24.117
1783 23.945
1795.1 24.064
1788.7 23.5
1763.6 23.226
1793 23.906
1816.4 24.152
1827.4 24.537
1830.2 24.313
1847.6 24.767
1863.2 25.301
1867.9 25.344
1866.1 25.107
1853.6 24.944
1869.7 25.167
1861 24.901
1851.2 24.78
1806 24.297
1783.5 23.435
1784.1 23.496
1785.3 23.107
1782.3 22.799
1773.6 22.765
1781.6 22.299
1760.7 22.28
1782 22.445
1777.5 22.228
1782.6 22.487
1783.4 22.39
1774.6 21.974
1782.9 22.16
1786.3 22.29
1770.4 21.887
1762.6 21.508
1796.6 22.455
1803.8 22.507
1793.7 22.275
1787.9 22.502
1801.6 22.792
1811.2 22.931
1808.1 22.979
1810.2 23.111
1805.1 22.848
1812.7 23.028
1827.5 23.328
1799.4 22.79
1814 23.038
1824.6 23.15
1788.7 22.174
1797 22.394
1798.4 22.446
1818.6 22.806
1827.2 23.2
1821.2 23.155
1816.5 22.911
1812.3 23.487
1843.1 24.226
1842.5 24.711
1831.8 24.314
1841.7 23.795
1852.7 23.896
1829.9 23.807
1793.3 22.673
1784.9 22.302
1795 22.395
1800.3 22.596
1809.2 22.711
1803 22.375
1806.6 22.475
1820.6 23.076
1826.6 23.195
1835.2 23.336
1836.2 23.519
1840.8 23.366
1868 23.845
1854.8 23.338
1870.2 23.601
1900.7 23.874
1898.6 23.991
1906.1 24.311
1909.2 24.555
1925.1 24.686
1886.5 23.997
1899.4 24.361
1942.4 25.534
1920.9 25.183
1934.4 25.205
1965.1 25.782
1993.9 25.713
2040.1 26.888
1985.9 25.757
1998.1 26.202
1982.7 26.106
1959.6 25.244
1928.5 25.123
1908 24.67
1942.1 25.584
1928.2 25.055
1928.6 25.282
1920.7 24.885
1936.6 25.17
1961.6 25.9
1953.8 25.595
1939.6 25.176
1912 24.716
1933.5 25.103
1949.2 25.121
1919.1 24.642
1929.2 24.584
1922.9 24.528
1918.4 24.455
1933.8 24.733
1941.6 24.819
1944.3 24.978
1972.1 25.725
1981 26.02
1970.9 25.69
1982.9 26.14
1955.7 25.391
1952.3 25.27
1944.9 24.621
1931 24.257
1893.2 23.668
1901.4 23.542
1885.9 23.458
1888.7 23.129
1909.3 23.04
1861.8 22.544
1868.8 22.621
1867 22.362
1874 22.4
1881.2 22.325
1857.1 21.782
1839.9 21.39
1852.6 21.55
1823.8 20.757
1807.4 20.984
1813.5 21.535
1818.2 21.737
1815.9 21.533
1841.2 21.898
1841.8 21.669
1847.8 21.723
1865.1 22.063
1846.2 21.86
1847.4 21.941
1851.3 22.06
1842.7 21.651
1843.3 21.884
1866.5 22.254
1845.4 21.89
1839.2 22.074
1847.5 22.159
1851.9 22.074
1848.8 21.797
1871.5 21.913
1828 21.236
1809.5 20.936
1815.3 21.402
1845.7 21.867
1835.6 21.573
1834.6 21.754
1834.3 21.407
1825.7 21.032
1826.5 21.116
1820.9 21.159
1817.5 20.797
1813.7 20.668
1804.1 20.282
1798.9 19.597
1761.8 19.052
1734.9 19.085
1737.9 19.122
1740.6 19.167
1730 19.067
1723.3 18.899
1734.2 19.138
1704.5 18.169
1702.4 18.548
1709.2 18.791
1710 18.67
1699.5 18.639
1712.7 18.687
1727.1 18.585
1719 18.294
1717.7 18.487
1719.1 18.553
1750.3 19.827
1762.9 20.156
1769 20.322
1771.1 20.105
1758 19.865
1788.5 20.099
1772.9 19.819
1786.8 20.592
1794 20.458
1795.6 20.718
1789.7 20.326
1798.6 20.677
1781.4 20.251
1773.2 20.065
1760.3 19.711
1755.3 19.448
1747.6 19.058
1734 18.873
1746.8 19.012
1747.8 18.895
1757.7 19.111
1736.1 18.74
1736.6 18.555
1723.2 18.159
1712.8 17.762
1696.6 17.551
1709.8 17.776
1700.4 17.795
1715.3 18.137
1708 18.33
1716.2 18.658
1728.1 19.755
1705 19.39
1696.5 19.471
1665.4 19.175
1671.7 19.296
1666.2 19.273
1659.7 19.102
1664.6 19.411
1670.8 19.548
1645.3 18.841
1623.3 18.406
1626.7 18.257
1660.4 18.796
1658.5 18.611
1662.4 18.96
1692.9 20.519
1721.1 21.037
1711.4 20.479
1711.7 20.595
1700.5 20.192
1667.3 19.556
1678.7 19.427
1670.3 18.878
1670 18.858
1641.7 18.015
1657 18.674
1649 18.571
1627.5 18.336
1630.8 18.666
1651 19.043
1648.7 19.174
1652.8 19.339
1664 19.48
1660.7 19.478
1639.6 19.147
1635.9 19.125
1645 19.673
1645.7 19.6
1627.3 19.436
1672.5 20.79
1676.5 20.898
1712.1 21.477
1710.1 21.298
1750.3 21.677
1766 21.646
1773.6 22.092
1773.8 21.499
1773 21.504
1760.8 20.955
1751.9 20.976
1737.4 20.849
1738.3 21.034
1744.9 21.357
1753.3 21.425
1740.1 20.91
1748.4 21.204
1746 21.55
1801.1 22.637
1795.9 23.038
1767.4 22.199
1769.3 22.123
1785.5 22.71
1788.7 23.063
1798.1 23.535
1780.5 23.22
1813.9 23.801
1807.5 23.946
1777.2 23.128
1790 23.151
1787.7 23.029
1815.9 24.094
1815.9 24.035
1787 23.476
1795.9 23.764
1814.8 24.04
1807.9 23.663
1819.5 24.078
1819.7 23.862
1839.7 24.059
1852.8 23.792
1834.8 23.258
1864.2 23.822
1872.7 23.712
1871.6 23.507
1874.6 23.327
1895.5 23.863
1918.4 24.231
1907.2 23.944
1904.4 23.53
1922.1 23.754
1926.4 23.83
1927.1 23.452
1933.9 23.649
1941.2 23.839
1929.1 23.93
1928.6 23.527
1922.9 23.645
1929.5 23.748
1927.8 23.521
1916.3 23.534
1862.9 22.334
1866.2 22.177
1871.7 22.117
1877.4 22.367
1866.2 22.097
1862.8 22.034
1851.9 21.818
1854 21.842
1834.2 21.546
1842 21.684
1840.4 21.694
1833 21.869
1832 21.661
1818 21.299
1808.8 20.806
1817 20.67
1828.9 20.961
1837.7 20.959
1833.5 20.766
1847.7 21.093
1847.9 20.984
1813.9 20.054
1812.7 20.005
1829.3 20.025
1862 20.375
1911.7 21.793
1906.2 21.929
1926.6 21.774
1919 21.588
1969.8 22.351
1979.2 22.533
1938 22.324
1946.8 22.675
1993.8 23.144
1982.1 23.247
1952.4 23.054
1972.4 23.324
1966.1 23.376
1980.3 23.902
1969 24.076
1983.9 23.941
2022.2 25.022
2020.9 24.963
2011.9 25.025
1989.1 24.846
2004.8 25.131
2010.9 25.404
2041.3 25.874
2002.2 25.424
1994.2 25.053
2007.4 25.248
1995.2 25.366
2007.6 25.368
1979.5 25.053
1989.1 25.306
1994 24.877
1985.7 24.871
1989.9 24.983
1990.1 24.999
1983.4 25.009
2014.3 25.404
2028.6 25.476
2048 26.035
2017.4 25.743
2026.3 25.636
2036.2 25.698
2030.5 25.461
2014.7 24.255
2014.5 23.992
2018 24.127
1988.4 23.737
1980.7 23.752
1956.5 23.495
1978.7 23.92
1974.8 23.715
1972.4 23.474
1962.8 23.115
1943.1 22.786
1944.1 23.24
1958 23.125
1963.9 23.474
1978 23.875
1952.4 23.643
1958 23.534
1965.5 23.574
1942.7 23.439
1963.6 24.264
1962.2 24.334
1955.3 23.985
1944.6 23.756
1955.3 24.044
1957.8 23.891
1958.4 24.076
1935.5 23.193
1933.3 22.774
1912.7 22.436
1919.1 22.328
1923.7 22.805
1914 22.939
1912.3 22.868
1909.2 22.591
1921.1 22.81
1921.7 22.896
1919.6 23.197
1908.7 22.686
1926.2 23.092
1925 23.151
1931.3 23.086
1956.2 24.119
1959.2 24.768
1960.1 25.014
1952.4 24.844
1977.2 25.084
1977.5 25.219
1968.3 24.805
1964.3 24.698
1960.3 24.436
1962.1 24.68
1968.9 24.825
1945.4 24.236
1960.4 24.37
1970.5 24.854
1940.7 24.208
1937.4 23.754
1932 23.586
1939.6 23.617
1933.5 23.142
1924.1 22.717
1915.4 22.65
1914.4 22.746
1912.9 22.674
1910.6 22.644
1902.5 22.595
1896.1 22.48
1884.1 22.67
1886.1 22.695
1893.3 23.304
1896.4 23.42
1918.5 24.363
1918.2 24.211
1911.1 24.22
1917.9 24.238
1936.5 24.777
1944.3 24.734
1938.2 24.472
1939.8 24.232
1926.2 23.558
1918.1 23.206
1917.5 22.95
1918.4 22.892
1923.3 23.103
1911.3 23.127
1909.1 22.912
1910 22.748
1923.7 23.126
1931.5 23.232
1932 23.194
1945.6 23.579
1919.2 23.444
1925.4 23.596
1916.6 23.145
1900.4 22.95
1871.6 22.477
1860.4 22.515
1848.1 22.236
1830 21.218
1824.6 21.178
1818.5 20.956
1816.6 20.848
1830.2 21.54
1849.5 21.741
1861 21.776
1872.8 21.957
1869.3 21.792
1927.4 22.727
1921.1 22.61
1922.7 22.863
1955.3 22.944
1968.4 22.887
1982.5 23.351
1976.3 23.072
1975 22.98
1984.1 22.877
1987.2 22.787
1988.6 22.77
1996.2 23.282
1985.2 22.841
1978.8 22.685
1985.6 22.751
1991.5 23.201
1981.6 23.149
1966.8 22.508
1951.5 22.647
1964.2 22.831
1932.6 22.215
1945.5 22.299
1961.8 23.079
1960.1 23.485
1983.9 23.892
1981.6 23.809
1977.7 23.579
1999.3 23.843
1991.4 23.672
2002.2 24.329
2011.8 24.672
2039.7 24.93
2047.1 25.072
2038.1 25.293
2071 25.499
2024.1 24.555
2018.5 24.201
2030.5 23.889
2029.9 23.732
1998.3 22.971
1978 22.773
1977.8 22.728
1982.3 22.639
2030.2 24.096
2021.1 23.87
2026.3 23.831
2038.4 24.04
2034.5 24.347
2039.1 24.307
2057.1 24.29
2058.2 24.144
2081.9 24.375
2073.9 24.134
2062.4 23.853
2064.4 23.733
2034.2 22.946
2042.3 22.989
2042.4 23.122
2026.6 23.12
2026.4 22.904
2021.7 22.884
2014.3 22.537
2046.7 23.162
2026 22.933
2002.6 22.516
2018.6 22.667
2026.5 22.571
2019.8 22.163
2023.7 22.334
2013.9 22.755
2016.9 22.808
2016.8 22.755
2025.2 23.138
2031.5 23.107
2048.4 23.051
2053 23.13
2036.1 22.701
2025.7 22.335
2034.5 22.393
2035.2 22.278
2032.2 22.565
2023.3 22.528
2018.2 22.709
1992.9 22.096
1990.3 22.331
2002.1 22.912
2011.5 23.439
2027.5 23.106
2022.3 22.851
2019.7 22.765
2038.6 22.969
2028.5 22.517
2034 22.523
2033 22.41
2045.7 22.666
2086.9 23.15
2117.7 23.779
2133.5 23.763
2150.3 24.272
2158 24.37
2178.6 24.339
2182.5 24.512
2160.4 24.194
2175.4 24.959
2163 24.874
2157.3 25.2
2160.7 25.091
2156.3 24.964
2157.9 24.933
2182.4 24.849
2158.1 24.692
2174.8 24.745
2175.6 24.483
2190.6 24.625
2217.4 24.797
2236.5 24.954
2261 25.804
2294.4 26.945
2288.8 27.14
2325.7 27.4
2331.7 27.712
2343.5 27.891
2329.6 27.961
2354.8 28.176
2356.2 28.255
2365.8 28.651
2390.8 28.318
2371.7 28.346
2382.3 28.329
2398.4 28.808
2332.2 27.213
2327.7 27.331
2324.5 27.324
2329.8 27.342
2334.8 27.241
2345.4 27.373
2291.4 26.391
2299.9 26.489
2299.2 26.583
2299 26.445
2321.6 27.369
2315.2 27.303
2313.6 27.361
2332.1 28.132
2367.3 28.275
2336.1 28.221
2353.4 28.485
2388.7 29.514
2380 29.665
2412.2 31.047
2433.9 32.205
2421.7 31.868
2389.2 31.295
2335 30.284
2332.5 30.33
2355.2 31.971
2340.3 32.203
2342.9 31.388
2322.9 30.297
2346.6 30.641
2325.5 29.488
2354.1 29.948
2370.3 31.247
2305.2 29.335
2307.7 29.769
2307.5 29.133
2336 30.176
2300.2 28.99
2331.4 29.402
2312.4 29.325
2330.4 29.505
2353.8 30.776
2316.4 29.573
2330 29.489
2316.6 28.837
2299.2 28.909
2324.5 28.918
2327.7 29.237
2327.6 29.3
2323 29.353
2359.8 30.548
2388.5 31.388
2355.2 30.618
2360.1 30.772
2372.2 30.727
2415 31.394
2414 30.886
2422.9 30.672
2462.4 31.195
2454.8 30.137
2451.8 29.995
2395.5 29.088
2392 29.124
2404.6 29.132
2413.3 29.116
2351.9 27.807
2380 27.86
2377.3 27.703
2405 28.365
2426.5 28.778
2435 28.331
2425.7 28.246
2401.7 27.076
2389.1 27.096
2390.5 26.83
2422.2 27.5
2432.1 27.487
2462.4 27.917
2466.7 27.695
2439.4 27.254
2453.1 28.342
2498.6 28.778
2501.8 29.24
2511.3 29.455
2508.4 29.476
2478.9 29.006
2508.4 29.786
2517.7 29.977
2516 29.951
2501 29.176
2525.7 29.557
2493.8 28.731
2489.9 27.951
2493.4 28.167
2511.4 28.72
2493.5 27.808
2501.8 28.291
2512.3 28.257
2512.1 28.563
2551.2 29.743
2581.3 30.699
2580.4 30.771
2564.3 30.619
2570.7 30.341
2588 31.094
2619.9 31.176
2626.5 30.767
2651.2 32.111
2659.2 31.698
2669.9 32.025
2644.3 31.519
2636.1 31.164
2667.3 31.445
2647.1 31.628
2657.1 32.189
2645.8 32.128
2644.8 31.745
2615 30.355
2606 30.425
2620.6 31.005
2657.6 31.52
2647.8 31.083
2661.4 31.527
2674 31.76
2691 31.573
2713.7 33.032
2723.1 33.869
2744.2 34.831
2714.4 33.64
2734.9 33.611
2740.9 33.603
2742.9 33.83
2768.4 34.269
2788.5 33.914
2738.3 32.653
2738.6 32.542
2736.1 32.48
2740.3 32.655
2667.6 31.221
2698.4 31.765
2687.5 31.359
2611.2 30.54
2600 30.686
2580.8 30.59
2568.2 30.508
2565.7 30.371
2610.6 31.163
2627.1 31.208
2648.2 30.956
2672.1 30.912
2709.9 31.309
2616.8 30.21
2620.3 30.388
2639.9 30.111
2657 30.685
2634.9 30.449
2644.7 31.077
2653.8 31.505
2626.6 31.134
2638.6 31.186
2664.9 32.216
2697.6 32.363
2733.8 32.562
2687.5 31.228
2656 30.655
2651.4 30.697
2644.4 30.573
2636.5 30.41
2592.2 29.094
2628.7 29.66
2612.3 29.888
2620 29.974
2638.8 30.047
2617.2 29.655
2606.1 29.106
2629.2 28.94
2658.9 29.622
2645 29.806
2638.4 30.342
2656.7 30.447
2664.5 30.452
2683.8 30.791
2708.5 31.091
2673.5 30.091
2677.5 30.132
2712.5 31.319
2746.4 31.523
2744.3 30.951
2755 31.311
2767.6 31.239
2763.1 30.673
2777.3 31.023
2737.5 30.254
2766.8 30.727
2769.1 31.238
2823 32.364
2812.5 32.128
2833.9 32.392
2853.3 32.888
2871.6 32.857
2856 32.518
2867.3 32.335
2914.3 32.392
2912.5 32.231
2909 32.695
2925.9 32.65
2883.6 32.801
2931.6 33.317
2919.4 32.993
2940 33.444
2937.6 32.976
2947.9 32.575
2904.5 31.801
2916.8 32.253
2883.2 31.801
2836.8 31.219
2890.2 32.032
2909.6 32.108
2915.3 32.858
2916.6 33.063
2904.7 32.548
2891 32.275
2912.9 32.888
2939.1 33.484
2984.3 34.051
2994.5 34.187
3000 34.074
3035.1 34.579
3035.9 33.975
3040 33.786
3018.2 33.29
3013.1 33.265
3023.7 34.002
3020.9 34.033
3060.2 34.897
3086.5 34.644
3122.8 34.457
3163.8 34.76
